-0.254032
1.106593
-0.374884
-0.717510
-0.999056
1.219235
1.228527
-0.009545
-0.294476
0.603839
-0.600127
-0.373469
-0.131441
-0.453819
-0.710145
1.369818
1.581595
-2.167543
0.402009
-0.355849
-1.675287
-0.224420
-1.041315
0.059457
0.166134
0.498785
1.890581
-1.225424
0.298216
2.214203
1.903385
-0.208085
-0.886111
1.656351
-0.049925
-0.265661
-0.249183
-0.704370
0.011733
-1.215521
-1.095346
-0.708220
0.780861
-0.428227
0.004498
0.573642
-1.470267
-0.412447
0.560403
0.657433
-1.080041
-0.020986
0.439493
1.748028
0.588887
0.711198
0.209445
-2.660845
-0.765544
2.448504
-0.149592
1.586595
1.851560
0.696248
0.841087
2.356817
0.510259
0.537452
-0.386859
-0.428161
-0.884977
-0.280835
1.701392
-0.664124
1.354751
-0.848745
-0.806004
-0.040237
1.418681
-1.164539
-2.470991
-0.481681
-0.189799
-1.307852
-0.515332
-0.718900
0.795947
0.249124
1.147277
-0.888505
0.049183
-1.363671
-0.297936
-0.088953
-0.577464
0.795218
0.799488
0.400153
0.792636
0.469225
0.091158
0.636261
0.251932
1.294310
1.125372
-0.590495
-0.783033
-0.249433
-0.464258
-1.165750
-1.050277
1.955350
1.343823
0.527376
-1.061524
0.305065
-0.985944
-0.075126
1.282728
-1.004592
0.418044
0.633518
0.235388
-1.126281
0.255914
0.607303
0.805055
-0.757994
-0.612386
-0.368764
1.441557
-0.234213
2.011087
0.946446
-0.517177
-0.577434
0.688439
1.541980
-1.520715
0.859972
-1.280551
0.072412
0.778716
-0.879612
-2.334176
0.848265
-2.052613
0.798926
-0.701332
-0.155323
-0.855997
1.078133
-1.473630
-0.089739
2.767866
-0.481993
-0.405531
1.562420
1.690657
-1.234309
0.092475
0.537696
-0.374089
-0.567106
-1.626245
0.353046
1.140876
0.370768
0.336594
2.058425
-0.545639
-1.098503
-0.025133
-1.445071
-0.517358
1.609011
-0.763558
-2.257609
-1.144584
-1.422773
0.284707
-0.016568
-0.015162
0.637231
1.465139
-0.849414
1.054750
0.540598
-0.606590
0.711916
1.583264
1.858352
-1.017883
-1.397593
-0.502591
-0.632593
-0.746870
-0.857093
-0.546087
2.028598
0.393106
-0.995877
1.090490
0.790395
0.573236
0.099564
-0.446107
-0.503866
-0.934043
-0.796879
-2.221624
0.654917
-0.765215
0.160303
-0.698723
0.088384
0.747708
0.334345
-0.185846
-1.850545
-0.139619
0.217125
-0.805339
-1.266924
0.111109
1.908306
-0.525366
2.183764
0.420484
-0.231501
-0.270496
-0.360365
0.101735
-1.386999
-0.856031
-1.291819
-0.135717
-0.073750
0.436917
-0.281990
-0.349258
-1.953725
1.365829
-2.066043
2.184162
-0.663978
-1.147649
0.567100
1.325009
0.986232
0.468536
-0.048437
-0.759554
-0.092771
-0.034991
0.060614
0.861055
-0.601443
1.109284
0.150936
-1.363668
0.637835
0.951729
-1.422727
-0.170717
0.878576
-0.724463
-0.016686
-0.646712
-1.188031
-0.138422
-1.711318
-0.425612
-0.021793
-0.145505
0.338930
-0.780988
1.349347
0.214280
1.614863
-2.157529
-0.955239
0.218178
-1.103480
0.851677
-2.516625
-0.848000
1.096059
-1.171253
0.354500
1.033031
1.626560
-0.366317
2.282291
-0.481914
1.618943
-1.745005
-1.214889
-1.558425
-2.309457
0.532832
0.437642
0.303546
0.221038
-1.970889
1.213329
-0.902961
0.413218
0.550640
0.204891
0.733331
0.126914
0.485457
-0.807859
-1.225282
-0.466244
-0.985478
0.440393
-0.343823
0.203942
0.443902
0.593556
0.117506
-0.174641
-0.532088
-1.656615
-0.069538
-0.491017
0.420038
0.622932
-0.527787
-1.139382
0.468654
-0.233492
1.379366
0.941801
-0.105047
-1.706146
0.248297
-0.686119
-0.440307
-0.576039
-0.919757
-1.314952
-0.028678
-0.236358
1.534001
-0.619602
-0.783283
0.185547
0.860469
1.307413
-0.515626
-0.318362
0.305628
-0.023813
-0.571944
0.669073
0.123846
0.815032
-0.210128
0.755020
0.726270
-0.251814
-1.320209
0.450817
-0.070791
1.198560
-0.256120
0.391250
-0.062585
-0.584164
-0.024415
0.462877
-0.271767
-0.526987
0.655140
-0.911490
-1.389468
0.111546
-1.172811
-1.538445
0.104833
0.559055
-0.594498
0.438354
-1.363892
0.001931
-1.168282
-0.950651
-0.927262
-2.315000
0.729654
-1.756211
-0.030271
0.327627
-0.924203
-0.036331
2.180562
1.022466
-0.435020
-0.728124
-0.280783
-0.965559
0.511751
-0.361518
-2.492620
1.372633
0.187247
0.863309
-0.266102
-0.530598
-0.584047
-2.415842
0.562991
2.409351
0.096019
0.578063
1.188403
0.308959
1.075699
1.369402
-1.126022
0.574110
1.154871
0.055645
0.327961
0.885382
1.153166
0.119113
0.583939
-1.664837
0.603380
-1.576450
0.300787
0.047793
-0.579576
0.344266
0.920958
0.206106
-0.607928
-1.181879
0.388436
-1.221370
-0.910799
0.033852
-1.901143
-0.154457
-1.899765
1.790533
0.163312
0.237500
0.080679
1.402806
0.043790
1.195386
0.846878
-2.063979
-0.143316
-0.648112
1.696390
-1.304019
0.474351
-0.449839
-0.935586
0.180832
-1.434880
-0.761098
1.617797
-0.512857
-0.456275
-0.558127
1.341870
2.079972
-1.108282
-0.548812
2.326254
-0.337807
-1.829333
0.361950
-0.910102
-2.117424
0.131464
0.532557
-1.035373
-1.768011
-2.111928
1.329421
0.637708
0.981285
-1.075143
0.746366
-1.170090
-1.051090
-0.316619
-0.085993
-1.066829
0.451759
0.035035
0.042211
1.764629
-1.502815
0.697916
0.150539
-0.743099
-0.930034
-1.834151
-1.166747
-2.078326
-0.298919
0.284685
0.303604
-0.699876
-0.206402
-0.378838
0.959164
-0.206537
-0.187328
0.262260
0.354697
-3.468966
-1.851052
0.002405
0.960649
-0.719136
0.244427
-1.491313
-2.264614
0.100913
0.808101
-0.687548
-0.212230
-0.462685
0.350706
0.336962
-1.026644
2.844348
-0.186212
-0.507062
-0.946755
0.796125
-0.073793
0.031572
1.696337
-0.340806
-0.957203
-0.589836
-1.276855
-1.728618
0.811459
1.271848
0.350708
1.873024
-1.587034
-1.353741
0.903590
1.956724
0.148388
0.171834
1.169273
0.483071
-0.444589
-0.626715
0.426525
-0.525165
-1.426553
0.177552
0.506516
0.589052
1.318812
-0.278646
0.544316
-1.042344
2.688168
0.486069
-0.484827
-0.543531
0.694308
-0.916758
-0.166010
-0.638099
-0.124222
0.910947
-0.129678
0.405754
-1.214107
1.303343
0.323912
1.243744
-0.409621
0.978046
0.038476
1.271975
0.475644
0.656630
1.439425
-0.173026
0.455263
-0.628280
0.182529
-3.122788
-0.945307
0.147170
-1.250458
-0.552610
-1.081245
0.297762
0.160249
0.312393
-0.083848
-1.019763
-0.090177
-1.712056
-0.690225
0.384633
-1.597334
-0.157955
1.908933
1.145088
0.089819
-0.197238
-1.060523
-0.050786
0.139694
-0.366444
-0.260617
-0.713707
0.601461
1.024898
-1.887426
0.271144
0.645756
-1.394845
0.022278
-0.506031
0.030293
1.496137
1.001698
2.152665
0.967674
-0.187257
2.071512
-0.502613
-0.596628
-0.764594
1.987854
-0.087342
-0.429029
1.342466
-1.495929
0.635772
-0.070468
-0.727833
-0.878740
0.076982
1.008545
-0.381347
-0.898239
1.096752
0.095718
1.531277
0.532436
0.423551
0.039669
-0.233635
-0.127947
-1.704123
-0.477652
-2.282852
0.533370
-0.393462
-3.128223
-0.773872
1.416763
2.122847
-0.196564
0.949148
-0.047499
1.113986
-0.622594
0.082044
-0.418575
0.787161
0.114611
-0.472773
-0.964449
-1.772091
0.067115
1.108200
2.266499
0.512137
-0.801572
0.024837
0.526109
-1.077642
0.152574
-0.575598
-0.362222
0.084099
-0.236355
-0.821472
-1.183473
-0.630951
-0.900301
0.639218
-0.400297
0.706992
0.687644
-0.337222
-2.059748
0.802621
0.204292
0.193479
2.048435
-1.315135
1.667594
-1.038260
-1.315702
-1.159707
0.694660
-0.884307
0.752870
0.104452
-0.809567
0.742838
1.003686
1.380828
-1.821819
-0.796028
0.094911
-1.224726
1.270580
-0.084723
-0.495073
0.112773
-0.657840
0.709828
-0.692522
-0.300944
0.559625
-0.564586
-0.958928
-0.366973
-0.498951
-0.265600
0.243108
-0.756824
0.738502
0.706294
-0.375415
0.332815
-0.176914
0.539452
-0.365164
0.387544
0.229990
0.498501
-0.696544
-1.496867
0.162837
0.245974
-1.675478
0.782397
1.152565
-0.532800
-0.964048
-0.567685
-0.965207
-0.514592
0.207299
-0.072204
1.259536
-0.715018
-1.294405
-0.268306
1.083047
1.164701
-1.372659
-0.956530
1.169991
0.929949
-1.610149
-1.815547
0.930100
-0.400249
-1.425232
0.008510
1.031623
1.427436
-2.153866
1.397906
0.017575
-0.866458
0.288262
0.466418
-0.417964
0.937420
0.064722
1.088802
1.093319
0.122537
1.735834
0.456100
-0.651368
0.424114
-0.475465
0.125858
-0.334840
0.165135
1.402479
1.444631
0.946627
0.319998
-0.874084
-0.130001
-0.224861
0.366656
-0.224408
0.276595
1.182447
1.776076
0.538531
-1.104396
-1.103881
-0.229271
0.585491
0.525558
0.378459
-1.170920
-1.213287
1.200759
0.016928
-0.098479
-1.322856
0.699272
0.034911
-0.169449
1.319946
-0.573730
-1.189788
-0.056076
3.063722
0.095615
-0.878952
-0.730148
0.268565
0.835311
-1.221486
0.587975
-0.346358
0.781193
0.234361
0.293849
1.469274
0.058019
-1.513368
1.758296
0.367361
0.444342
0.592504
0.075285
-1.719608
0.240351
-0.909845
1.128666
-0.908281
1.418463
-0.261107
-1.809417
0.021672
1.425143
0.602848
-0.850074
0.589025
-2.685596
2.447764
1.058916
2.171998
-1.469932
0.527424
0.912854
-0.843971
-0.538925
-2.101463
0.760502
-1.428371
1.390146
0.281127
-1.001785
0.623257
-0.088380
0.414432
0.952709
0.994347
0.452079
0.222483
1.428362
1.966139
0.527118
2.323592
-1.232265
-1.392996
1.527801
0.047307
-1.172650
-0.169008
-0.374110
-0.346909
0.423633
0.152385
-1.016800
-0.703213
0.583369
1.954573
1.096644
-0.611456
-0.012867
0.483435
-1.110931
-0.233216
-0.430543
0.356069
0.323451
0.738129
-0.611672
-0.146613
-0.521990
0.383015
0.401373
-0.317062
2.202609
-1.609767
-1.529369
-1.557933
0.114687
-0.701877
-1.186057
0.295995
-0.963563
-0.806670
0.001930
0.125225
-0.721682
-1.408101
-1.359396
1.367191
-0.702529
0.015109
-0.783741
0.797809
0.188780
1.256665
1.100640
1.039261
0.829260
-1.527740
-0.420131
-0.490584
0.928710
-0.156127
-0.836466
0.778955
-1.010387
-0.377465
-1.285265
0.762011
-0.348496
-0.638974
-0.323063
-0.556488
-0.124997
-0.151073
1.922549
1.276206
-0.112200
-0.074837
-0.382102
-0.013216
1.165340
-0.799396
0.093094
-0.372839
-0.492673
1.088025
1.118671
0.718668
-0.650807
0.882633
0.085913
-0.061071
-0.397878
-1.389696
-0.520123
-0.514399
1.537928
-2.687343
-1.312866
0.666624
-1.963250
1.746577
0.141883
0.965169
0.033300
1.947154
-0.428735
-0.270775
0.272278
0.860083
1.372233
1.084366
-0.982607
0.557436
-0.044525
-0.187281
0.971881
0.015317
0.459586
0.873829
0.373480
-1.429904
0.830603
-0.522164
-0.246897
0.548595
-1.097279
-0.959284
0.434897
0.262298
-1.055436
1.128096
0.335824
0.870886
0.312051
0.457472
0.068025
-0.834015
0.822884
1.997250
-0.068173
0.806456
-1.217151
-0.027092
0.689405
-0.034338
-0.035364
-0.917480
-1.390665
0.696436
-0.621930
-1.912325
-0.321050
0.198365
1.705396
0.300123
-1.087748
-0.487996
-2.290478
-0.069335
1.040452
1.237954
-0.766643
-0.451760
1.108754
0.833586
0.334654
0.998633
0.428172
0.286431
1.435973
-1.581472
-2.099232
0.674788
0.251466
-0.252590
0.277650
-1.515055
0.701551
-0.356928
1.252525
0.527575
0.401454
-0.916227
-0.465266
-1.655994
-1.146897
0.639597
-1.142254
0.847532
1.382833
0.931168
-1.477061
1.646843
-0.682531
-1.550431
-0.836001
0.299250
0.506302
0.666145
-0.237947
0.370275
-0.205098
0.426092
-0.130521
-0.524919
-0.099289
0.391480
1.756432
0.350905
-1.222151
0.134333
0.385019
0.699688
-0.676948
-0.821716
0.781363
-1.100850
-0.154577
0.279574
0.937343
0.366908
-1.261798
-1.189177
0.571804
-0.628133
0.375448
0.800617
0.691901
1.341432
-1.294010
1.674409
-0.940188
-0.021200
0.167707
1.586275
0.463202
-0.081602
-1.603477
-0.486412
1.275516
0.206327
-1.543549
0.533814
0.643034
0.501601
-2.176617
-0.015382
0.389029
-1.056953
-0.740969
-0.817828
-1.969541
-0.111233
1.258233
-0.442838
-0.391788
0.737505
1.649862
1.206784
-1.431000
-2.056910
0.779064
0.071027
-1.050868
1.071555
0.414020
-1.429577
1.129301
0.877808
-0.325839
1.935920
-1.534836
-0.199212
0.120302
0.244900
-1.795997
-2.047243
-1.228293
0.110860
0.103172
0.847644
1.662426
-1.253182
-0.047034
1.188044
-0.303321
-0.802107
-0.887007
0.659909
1.208384
-1.658133
0.219198
0.370986
0.646402
-0.679846
2.611038
0.084742
0.211599
-1.225048
0.016344
1.103494
0.341061
-1.083901
0.045169
1.382842
-2.049638
-0.233274
0.162374
-0.628601
0.887560
-0.116138
1.553737
0.044763
1.215118
-0.930025
0.083043
0.437222
-1.207175
-1.198885
-1.593896
4.062063
-0.034349
-0.443485
0.688973
-0.032217
0.225277
-1.212792
-0.232750
-0.928377
0.158785
-0.440145
-0.732934
-0.421081
1.001711
0.620728
-0.497357
0.428451
-0.392494
-0.230235
-0.576218
-0.248316
-1.487500
-0.837593
-0.963305
-1.253666
0.816627
-0.009105
-1.922482
-0.808553
-0.834207
1.181121
0.534981
1.291940
-1.064599
-0.115392
-1.158499
1.103142
-0.418694
0.665950
0.692040
-0.480416
0.778188
-0.132035
-0.222432
-1.192852
-1.693466
0.897074
-0.723889
-2.666257
-0.359537
-0.688646
-0.482712
-0.333269
-0.179234
-1.914855
2.251375
-1.759053
0.075029
0.107993
-1.710318
-1.125865
-0.352435
-0.163951
2.014136
0.735952
1.965501
-1.419716
-0.180026
-1.145346
-0.122364
-0.751545
-0.163737
-0.440376
0.133654
0.555924
1.007684
-0.353124
1.135695
-1.097198
-0.323111
0.431547
1.450586
-0.551906
-0.829032
1.108449
0.610554
0.347890
0.735672
1.584459
-0.271236
-0.102824
-0.524552
-0.008917
-0.666370
-0.778517
-0.652338
-0.850057
1.828201
0.665901
-0.431858
-0.902594
-0.241064
1.057727
-1.168231
-0.659856
1.167310
0.508613
-1.844966
-1.367222
-0.267133
-0.568133
-1.375119
-0.011518
-0.026872
0.220305
0.803837
-1.117116
-0.960816
0.979830
0.029744
-0.698853
-1.096682
0.642380
-0.234784
0.077361
-0.910884
1.705832
1.024202
0.129389
0.333847
0.681369
1.202526
-1.490616
-1.521281
-0.654059
0.078547
0.122527
-0.820236
-1.504042
0.749998
-0.390389
0.055197
0.370444
1.420234
-1.980182
-0.092046
-0.060711
-0.330424
-0.023880
1.240437
-1.517393
-1.965921
0.393866
-2.081207
-0.286282
-0.810173
2.103106
0.296939
-0.054472
0.455050
-1.171200
-0.484083
-0.813746
0.592325
-0.815106
-0.299640
-1.504829
1.253116
1.057762
-1.626720
-0.371545
-0.504959
0.222501
0.368028
-1.201178
-0.173800
-0.600747
0.964900
-0.274831
-0.272631
-2.044278
0.762337
-0.011743
-0.592602
0.447340
0.943873
1.624716
1.065737
-0.562859
0.919060
-0.172329
-1.764425
-0.495283
-1.379521
2.062059
2.736245
0.679388
-1.359357
0.437842
-1.140896
0.946561
0.599810
-0.959988
-1.143877
-0.770918
0.108604
1.262975
2.114056
-0.367562
-0.944404
-0.588115
0.387697
-0.090392
-2.318815
0.125821
0.133710
1.346508
-0.072417
2.907706
0.596257
0.084441
0.091485
0.357060
0.777383
-0.877606
-0.114283
0.079100
2.766718
-1.677005
0.157879
0.190739
-1.476690
0.043037
-1.330934
-0.508331
0.948987
-0.523978
0.124874
1.352560
-0.064852
0.631398
0.450025
-0.067531
0.547687
0.445147
-0.339367
-0.115870
-1.398833
0.444094
-2.519144
0.415660
-0.796450
0.012233
-0.097494
1.116805
0.167750
0.471324
-0.115271
-0.481366
0.192216
1.751929
1.755863
0.174570
0.067739
0.202390
-1.813962
-1.272827
0.223394
0.109764
0.642966
-1.314105
-1.781430
0.514495
-0.542320
-0.216221
-1.530967
-0.263101
-0.911487
1.982938
0.648084
-0.075781
-1.500332
0.775595
0.977386
1.962390
1.617009
-1.702382
-0.779301
1.120338
-0.145413
1.544443
-0.780062
-0.404102
0.393704
0.262105
0.223913
-0.765618
-1.611558
-0.543444
1.432152
0.353477
0.327605
-1.062129
0.039134
-0.749833
-1.332393
0.827361
1.312360
-1.370113
0.257793
-1.849353
0.726878
0.065778
0.130637
0.373780
0.473458
0.875504
0.383111
-2.252498
-0.613241
-0.724529
0.072106
1.405807
0.143054
0.545219
-1.786793
0.824173
-1.153628
0.702076
0.997283
-0.070892
2.155665
0.071521
-0.781956
-0.588030
-1.578462
-0.454051
1.154944
-1.108820
0.517881
-1.503188
-0.447267
-0.506996
0.344229
0.120512
0.043792
-2.121473
1.545210
-1.415275
0.642760
1.872083
-0.949405
0.687577
0.907459
1.078221
0.606061
0.885818
1.362695
-0.277982
-1.879656
-0.505493
0.079844
1.399774
0.106720
1.880679
-1.586747
0.589403
1.200236
1.981566
-1.523199
-0.638231
-1.064957
1.480905
-0.560545
1.269434
-1.205637
0.546467
-1.164848
0.373993
-0.617541
-2.156229
-0.186624
-0.695783
0.181087
-0.765510
0.473302
-0.550704
-1.416768
1.375327
-2.990051
0.093042
-1.880981
-0.853400
0.527418
0.435050
0.408599
0.074369
1.569111
0.307284
0.025439
-0.258451
0.137972
-0.035268
0.135353
1.389505
0.839921
-3.581921
0.374578
-1.271784
0.295427
0.441756
1.007802
0.159476
-1.228001
0.612594
1.064973
1.351361
-0.191106
0.011909
0.424670
0.952403
1.081654
1.233209
-1.215742
1.034593
0.344063
0.642085
-2.526252
0.568081
0.251521
-0.217792
-0.517829
-0.158318
0.308383
-0.866062
-1.346276
1.373465
-0.771536
-0.671332
-1.194838
0.007220
-0.275043
1.567268
-0.410122
-0.743121
-1.904663
-0.144425
0.650964
0.662498
-0.078217
-0.429402
0.273608
0.253397
-0.948168
-0.616482
0.326193
-0.634257
-0.429208
-0.320752
0.153303
0.541455
0.169613
1.437778
1.134855
1.464992
-0.610701
1.576284
1.262118
-1.014910
-0.938131
-0.033855
-1.272423
0.926476
-0.693689
-1.716448
-0.307202
0.061340
-1.774346
0.125491
0.405240
-1.121110
-0.121174
-0.003815
0.299484
1.653650
0.689761
-0.060241
-1.093514
-0.680170
0.388817
0.701175
1.246124
-0.391914
0.189102
0.958432
1.063518
0.791791
1.022082
-0.274208
0.677354
0.250611
-0.803306
-0.289216
0.966288
-1.568883
-0.507573
0.166219
-0.922709
-0.372548
0.005519
-0.754566
0.812044
0.347571
-1.717852
1.214776
1.588620
1.041643
0.312325
3.317745
-0.506651
0.633663
0.505677
0.973410
0.822397
0.579085
-0.730662
0.301932
-0.607520
0.971727
-1.267437
-0.466016
-0.676387
-0.401825
-0.240444
-0.126396
-0.177814
1.508685
0.369350
1.216087
-0.521168
0.266674
-0.153411
0.917501
0.744734
0.631733
-0.656406
-1.764136
-0.672003
0.985946
2.008623
-1.010691
0.669609
2.001382
-2.302820
0.405956
0.157209
-1.477033
0.788604
0.363142
-0.170600
-0.281645
-0.854194
-0.552540
0.930074
-0.030369
-0.309241
-0.704243
0.256126
1.523981
-0.529045
-1.077092
0.242158
0.083346
-0.527284
-1.665687
-0.212511
0.237527
-1.396858
0.079578
1.337396
0.473126
0.752397
0.997852
0.905909
0.927709
-1.235542
0.823330
2.070014
1.034445
-0.536107
0.935820
-0.962144
1.608731
-1.892583
0.313714
-0.892967
0.539409
-0.177129
-0.296760
-1.458372
-0.256649
1.280856
0.758604
-0.259445
-0.224051
0.628644
0.831565
0.916567
-0.323009
-1.796736
1.309360
-0.056105
0.992196
1.213110
0.655939
-0.666552
-0.676452
0.657082
0.571991
-1.056696
-1.172620
-1.416282
-2.586788
-0.698912
-2.004561
0.700810
-0.418463
-0.232065
-1.710681
1.087658
1.397983
1.445609
-1.069016
-0.733155
0.811225
-0.253743
0.799361
0.584535
-1.060883
1.011650
0.131601
-0.750364
0.713119
-1.050854
0.152707
-0.729361
0.833935
0.392379
-1.261665
-1.198336
0.762591
2.730752
0.192714
1.014737
2.137054
-0.452128
-0.001335
-0.198717
0.717678
2.058344
0.618128
-0.471292
-0.257950
0.811664
0.934729
-0.366237
-0.510410
-0.576655
0.168043
0.494312
1.653788
-0.153703
-0.183897
1.839706
-1.251192
-0.109187
-1.437172
-0.615941
-1.353951
0.796207
-1.506841
-0.368261
-0.952104
-1.119597
1.830120
-1.225903
-0.263902
-0.513771
0.505632
-1.146086
-0.283841
1.540715
-0.746394
0.996447
-0.321336
0.334327
0.439636
-2.009116
0.175276
-0.179352
-1.355276
0.332063
1.068195
-1.031681
1.048415
-0.718083
-1.269905
0.738532
0.571690
1.043766
-0.146627
-0.363519
1.049519
-1.163108
-0.915653
-0.157603
-0.373794
-0.067532
-1.159458
-0.017520
1.208240
-0.914760
-1.567222
-0.663932
0.061553
0.092298
0.990955
0.336245
0.432292
0.981010
-0.043434
-0.893872
-0.746376
0.099216
0.245817
0.536554
-0.659910
-0.817017
-0.568602
0.328644
0.216475
0.849674
-0.639094
-1.416281
0.137782
-1.052459
0.427442
0.498101
-0.878141
-0.106966
-0.010076
-0.507449
0.226148
-0.038014
-0.234428
0.760847
-0.573649
0.751433
-0.200246
0.040028
0.014618
0.278274
1.831392
-0.515243
1.740432
-0.930354
-1.393637
0.209286
0.387641
0.056427
0.298568
0.813207
1.470405
-1.052064
1.816864
-0.868381
-0.498162
0.112597
-1.474270
-0.881005
-0.988982
-1.268852
-0.956398
-1.039209
-0.505164
-0.371050
-0.673503
-1.919173
1.802464
-1.659402
1.212061
1.319986
-0.482051
-1.221141
1.408897
0.573493
-1.089234
0.086059
-1.670792
1.898530
0.668601
-1.398277
1.627147
-1.749095
-1.162538
0.568757
0.878087
0.149726
2.136090
-0.382891
-0.613528
0.406820
-1.252696
-0.320591
0.464111
-0.431845
0.009700
-0.697852
1.293856
-0.097668
1.697890
-0.781511
-0.538453
-0.228525
0.614488
-0.400111
-0.975427
-1.378142
0.307204
-1.263640
0.857091
0.928229
0.843839
0.539456
-0.316877
0.715989
-0.237159
0.446172
1.367661
0.670527
1.712492
-0.720017
-1.660939
-0.287860
1.159073
1.375746
0.900894
-1.362382
-1.950323
0.184297
0.887576
-0.625925
1.428514
-0.167361
-1.278049
0.282558
-1.058488
-0.493210
-0.775769
0.176662
0.936230
-0.157669
0.316915
-1.084824
0.348898
0.612673
0.783671
0.273810
-1.542067
1.336744
-0.197776
1.012741
0.426781
-1.893703
0.242438
1.680981
-1.027246
0.209884
0.432869
-0.289322
-1.164457
-0.148000
1.056528
0.440877
-0.355893
0.858562
0.478358
1.000636
0.713966
-0.083342
0.312059
0.749679
-0.200049
-0.822311
0.836258
-0.536874
-0.437510
0.375888
-2.020427
1.185332
-0.134457
0.656549
-0.383885
-1.199052
0.225358
-0.646429
-1.360019
-0.263030
1.714304
-1.011818
-0.822784
-0.793503
0.588308
0.861832
-0.124945
-1.162673
-1.376941
1.567583
-1.421276
-1.229076
-0.833658
-0.186600
0.496731
-0.585280
0.622913
0.242447
-0.633163
-1.570268
0.195264
0.042507
0.517630
-0.821969
0.607611
1.313151
0.221850
1.398987
0.175807
1.487175
-1.511324
0.270278
-0.385040
0.424383
-1.265713
-1.285520
-0.475145
-1.209684
-0.065088
-0.559892
0.265718
-0.666631
-0.906751
-0.325200
0.224157
1.115722
-0.222212
-0.456858
0.260792
-0.356801
-1.417272
-0.690935
0.616796
-2.217924
0.124302
0.983307
0.726077
0.377664
0.675165
-0.578145
-0.305243
0.231850
-0.462107
1.070330
-0.586384
-0.290786
0.867735
1.383061
-0.167761
1.171680
-0.997398
-0.377167
-0.103772
-0.238826
-0.897210
-1.402114
-0.284862
1.505721
1.071824
0.223663
0.948708
-0.166448
0.262598
-0.107070
0.249987
-0.807805
0.650823
-1.640917
-1.097415
0.611708
-0.013585
-0.054935
-1.493159
-0.871777
1.128073
-0.126048
-2.309689
-0.060102
1.025729
1.323415
0.027029
-0.067391
-0.710861
0.709982
-1.123908
-1.365267
-0.522650
0.936905
-0.885691
0.265368
-0.818360
1.787341
0.508588
-1.213899
1.094671
-1.348314
-1.596592
0.600133
-0.522391
-1.029450
1.095402
-1.245736
2.491794
-0.118676
-0.570483
2.071765
0.782502
-0.714955
0.984637
-0.360987
0.714715
1.057704
-0.010427
-0.025374
0.742709
-0.136964
0.967285
-1.053572
-0.212811
0.735150
0.785119
-0.842121
-0.336795
0.274487
0.338169
0.917084
0.785678
-1.426280
-0.482896
-0.034276
-0.482715
-1.023588
-0.517836
-1.235612
-1.431527
-0.673580
0.937419
-0.342736
1.350790
0.133095
0.300503
0.916638
-1.120554
1.126720
-0.005129
-0.431667
0.041021
0.517385
0.085284
-0.487178
1.187789
-1.100627
0.098071
-1.400062
0.232759
0.107502
-0.127331
0.809580
-0.980882
-1.646545
1.363283
3.320518
-0.487203
0.330461
0.562290
0.780825
-0.787922
-0.515592
0.309646
-0.747059
0.767265
1.212509
1.555215
-1.102054
1.411042
-0.716582
-0.966436
0.527351
-0.411857
-0.743032
0.362536
-0.744586
0.006829
0.139831
-0.204044
0.066003
0.233152
-0.358033
1.414014
-0.630148
1.277817
-0.323235
-0.595292
0.506377
-3.201942
-0.796467
1.594251
0.410087
0.571491
-1.179018
-0.522675
-0.471832
-0.917396
-0.026049
-0.318008
-1.317302
-1.638605
-1.054732
-1.306131
-0.715777
-1.359612
-0.207047
-0.424836
-0.446581
0.439773
-0.166288
-0.268860
-1.950674
-0.047858
2.219907
0.532027
0.707507
-1.366582
0.310884
-0.743062
0.477344
-1.480134
1.215641
-1.242461
-0.577906
1.426152
0.617253
-1.172265
1.610479
-0.946388
0.574447
0.556465
2.391455
1.117544
-0.046414
-0.303733
-2.908317
1.002914
-1.573402
-0.319795
0.936943
0.364833
0.271362
-0.584399
-0.750007
-0.213499
0.858692
-0.672969
0.154668
-0.414615
-0.850314
-0.953001
0.012492
0.454158
-1.525740
-0.749305
0.632926
-0.694394
0.486636
0.833010
-1.044104
0.666124
-0.125231
0.355589
-1.095658
0.314508
-0.518897
0.272807
-0.785236
-1.473226
-0.259132
-0.799786
0.345225
-0.471259
0.881921
0.214491
-0.460154
0.157379
0.292282
0.742181
0.012290
-3.043711
0.785876
0.801867
0.244781
-0.601620
-0.309823
-0.399072
0.450054
-0.315175
-0.867906
-0.192175
-0.756586
-0.268566
-1.542502
0.151943
-0.714412
1.869625
1.200494
0.566960
-0.820840
-0.317726
-0.526359
1.019542
1.448670
0.674967
0.874192
1.784445
0.251840
-1.041227
-0.348202
0.161192
-1.919511
-0.176463
0.586412
-0.013316
-0.236842
-0.303916
1.178576
0.525732
-0.178430
-0.835497
2.633517
-0.924039
0.562320
0.248835
-0.285196
0.497192
-1.546770
-0.123334
-0.404545
0.317575
1.163791
1.020953
-0.614470
1.060079
-1.454564
-0.404291
0.313136
-1.652037
-1.978901
-1.899689
-1.395902
-0.487470
1.728875
0.149121
-0.820214
0.608592
0.299536
1.155833
-0.829780
-1.095504
0.761665
-2.680720
0.140726
-1.412789
-1.592493
1.201927
0.956583
-1.042622
-1.559888
-1.611338
0.551877
-1.862831
-1.429888
0.346608
-0.113135
0.675957
-0.777506
0.128384
-0.095673
1.752945
-0.448465
-0.863398
0.156472
-0.073269
-1.227052
-0.193226
0.005056
1.380802
-1.274681
-1.246909
-2.053537
0.931360
0.661096
-1.450463
-0.999829
-0.594230
-0.692013
0.449808
0.109944
0.085675
0.989447
-1.188908
0.522109
1.912018
0.429523
0.922816
1.077948
1.394604
-1.165166
-0.151205
-0.837771
-0.624964
-1.814266
0.498578
0.161803
3.219192
0.613128
0.001860
-2.257886
0.594958
-1.467242
0.139835
0.690619
1.794124
0.265589
-1.531291
-0.627576
1.314442
0.101226
0.282394
0.633825
-0.994337
-0.590479
-0.610824
1.403965
-0.061880
-0.999077
-0.311984
0.922541
0.345028
1.154077
-0.381248
-2.389235
-0.870643
0.082070
-0.572209
1.106656
-1.568685
0.236725
-0.250313
-2.691205
1.935991
-1.054992
0.324782
0.790711
-0.529054
1.071523
0.757657
-0.934798
0.797610
-0.245496
-1.847608
0.601898
1.874903
0.498416
-0.416439
-1.145955
0.065880
-0.733432
-0.984973
-0.606516
-1.705059
-0.196012
0.261526
0.187797
0.263307
-1.020496
-1.208396
-1.278900
-0.326570
-0.739269
0.131089
2.413585
-0.982541
0.277080
-1.552298
-0.467027
0.533333
-2.125565
1.019957
1.167430
0.476219
-0.790465
1.336157
0.132290
-0.611741
-1.336350
-0.314570
0.255973
0.985724
-0.634391
0.426453
-1.064812
-1.192952
1.162578
-1.458391
0.896690
1.228476
-0.468360
-0.595064
-1.332290
-0.651032
0.772359
0.830579
-0.146522
-1.435289
-0.429357
-0.485700
-0.692164
-0.549699
1.839030
0.169618
-0.504501
2.025704
0.222147
2.114369
1.232652
-2.411595
-1.726572
-1.818450
-1.033746
0.176874
0.278970
1.107920
-0.721009
1.054270
0.156075
-0.095584
0.249924
1.109848
-0.330833
-0.813878
-0.379884
1.448433
0.718614
-1.080048
0.408860
-0.930780
1.554923
-2.009471
-1.627825
0.825530
-0.539350
0.398184
-0.541143
0.155192
-2.098071
-0.763629
0.072015
-1.485548
-0.219129
-0.285347
-0.633694
0.045586
0.002385
-0.813769
-0.052250
1.036026
0.918963
-1.198423
1.388007
0.534592
1.741007
-0.269677
0.560549
2.225684
-0.217522
0.352755
1.681251
0.828082
0.179411
2.048703
0.751418
-2.153007
-0.163214
-0.760353
-1.052882
-0.673550
-0.391511
1.235085
-1.549667
-0.937774
-2.232711
1.579936
-1.691696
-0.806757
1.851261
0.207616
1.752153
-0.013937
-0.332290
-0.505647
-1.785817
-0.095154
1.608271
0.980958
0.716195
-1.420847
1.251679
1.342677
1.217407
-0.954171
0.885796
1.858806
1.838429
0.296038
-0.237865
-1.268080
0.121477
-0.145094
0.479270
-0.363530
0.154663
0.915727
0.772751
1.739207
0.883215
0.721089
0.087995
-0.748511
0.243305
-1.815710
-0.796315
0.960185
-0.612476
0.897525
0.738636
0.402518
-0.321307
0.731875
0.142829
-0.238095
1.249792
1.324666
2.676257
1.041558
0.263438
-2.551271
-1.144794
-0.922564
-0.732907
0.766624
0.315633
0.475224
0.136074
-0.133566
0.410900
-0.274766
-2.039511
-0.972224
1.275922
-1.681621
1.649878
-0.333245
-0.647079
0.227761
-0.380588
1.199020
-1.188105
-2.106372
0.754830
-0.998810
1.437278
0.376640
-0.286361
0.482133
0.051201
0.414905
0.358397
0.259228
-1.070942
0.526256
-0.218412
-1.063671
1.169503
1.999651
1.316960
0.474243
-0.318081
0.245257
0.074661
0.437989
-0.259152
-0.953833
0.273378
-0.857645
-0.473441
1.066339
-0.548359
0.307326
-0.236758
-0.688033
0.012192
-0.148947
-0.713167
-0.602660
1.433031
0.682379
0.664976
-0.385097
-0.260710
-1.656297
0.450933
-1.110492
1.125989
0.175375
-0.192093
-0.016721
0.265190
-0.821675
-0.459529
0.966492
-2.196905
0.864237
1.062453
0.458199
0.746475
0.454121
1.013426
-0.024293
-1.054001
-0.332316
1.094924
0.541301
-0.594183
1.388337
0.120478
-1.504041
0.437663
1.195130
1.543605
-0.113037
-0.796611
-1.378621
0.297898
0.575092
0.786437
-0.390052
-0.337412
-0.551337
0.143622
-0.459563
0.675641
-0.108659
-0.733643
0.259537
0.689968
0.727203
1.526001
0.995652
-0.277141
0.271718
0.580664
-1.197304
0.998138
-0.627266
1.602138
1.678200
-0.363704
-1.241682
-0.612335
-0.387841
0.675361
0.247773
0.603207
1.538770
-0.059606
-0.097676
-0.508043
-0.617332
0.395160
0.633153
-0.367578
-0.141926
-0.332750
0.000907
-0.675074
-0.283080
1.092080
-2.750506
-0.414924
-1.547941
0.535430
1.073275
1.196770
0.372156
0.893510
0.138095
1.292335
-2.576013
-1.819746
-0.586086
0.466385
1.044338
1.371915
-1.848184
1.252662
1.869255
0.044310
-1.389701
3.047244
-0.858348
0.568137
-0.360129
0.134393
1.880131
-0.728125
1.107219
1.696293
0.768949
0.720246
1.253295
-0.371578
-0.232516
-0.507738
1.057937
0.865983
0.878658
-1.542136
-0.647955
-0.773566
-1.603371
-0.252383
-0.282077
0.740616
0.945413
-0.950813
0.239670
-0.384022
0.378456
1.403281
-1.274462
0.006727
0.519023
-1.706948
1.111217
0.320485
2.438581
0.851607
0.798097
1.556813
-0.309067
1.183538
-0.142965
0.592199
0.152009
-0.286914
-1.003196
0.000935
0.115400
0.046937
0.026508
-0.217131
0.581303
0.751186
0.852590
-0.021852
-0.514254
1.617132
-0.169338
-0.425804
-0.762636
-0.122419
0.059449
-0.394325
-0.089894
-1.241263
-0.662159
-1.137452
0.035553
0.915012
-0.572488
-0.900290
-1.056608
0.553461
0.237608
0.142314
1.131740
-1.516698
1.373593
-1.597462
1.042865
0.236317
-0.532461
0.665421
0.905416
-0.248398
0.883666
1.692729
1.104845
1.408917
-0.878480
-1.129885
-1.817782
0.977377
-0.804207
-0.887429
-1.184137
-0.224235
-0.519373
0.223367
-1.057716
-0.310931
0.150724
1.626270
1.231038
-0.325201
1.567882
1.007060
-0.842315
-0.596610
-0.279684
1.441212
-0.272461
1.297520
-0.099433
2.090864
1.649280
-1.903598
0.882073
-0.510018
-1.629951
-0.697843
1.216800
-0.484277
1.353726
0.315256
0.557519
-1.335134
-1.015650
-0.275537
-0.263962
-0.198305
1.121936
-0.760636
0.646944
-1.118828
-1.104740
0.214512
1.959599
0.898591
-2.114255
-0.676278
-0.790552
-1.255255
1.313423
0.020755
-1.567102
0.311953
-0.293849
-1.023048
0.478974
-0.914614
-0.026184
-0.738478
-1.759014
-0.582983
-0.201071
0.420148
0.648338
-0.504417
0.204503
-0.401645
0.116348
-1.397173
0.561959
-0.116688
-0.167821
0.743145
-1.160757
0.783903
-1.072054
0.309227
-0.228372
-0.467079
0.657703
1.016281
0.529926
0.202430
-0.140293
-1.866824
-1.211950
1.075437
-0.113586
-0.194159
0.000705
0.181708
-0.155062
0.749172
-0.392284
-1.244179
0.610617
1.581652
-0.515958
0.941490
-0.176712
0.005949
0.405877
-0.520255
0.577966
-0.558674
-0.341975
0.247786
1.822328
0.046687
-0.939711
1.241012
-0.113269
0.801577
-0.390399
-0.353975
-1.027348
0.796061
0.454862
-1.110736
-0.660719
0.506471
-0.869660
0.640868
-1.685179
0.821338
-0.479750
-0.408743
1.046167
-0.790355
-1.112367
1.533070
-0.857431
0.588209
0.621757
0.312722
0.450095
-0.556536
0.940079
0.816297
0.369335
-1.997044
-0.627121
-0.572796
1.340795
1.033587
-0.371961
1.543672
0.219389
0.666634
-2.209360
-0.601933
-0.720820
-0.103217
0.351618
0.105232
-0.976135
1.741029
0.729863
0.508301
1.274832
-0.255748
-0.015223
1.547323
1.333953
-1.509040
2.116473
0.341328
-0.494745
-0.236142
-0.502636
-0.592228
1.055823
1.872991
1.272159
0.602285
0.855077
-0.855238
1.626613
1.677711
-1.340490
-0.734634
1.578581
-0.111866
-0.297137
-2.272716
0.008293
-0.488772
-0.513015
-1.512657
0.536306
2.871300
-0.538693
-0.053610
0.423888
-0.704437
0.584106
0.043316
-0.568667
-0.040937
0.705278
-0.922300
0.155066
0.088928
-0.809206
1.277379
-1.247192
0.766746
-0.887018
-0.194614
1.115041
0.297827
-1.852307
-0.810314
-0.901171
-0.921221
0.434666
0.207074
-1.331225
3.377701
0.123882
-1.874983
-0.182248
-0.599974
-0.816008
-0.863783
1.301999
0.369120
-0.005843
-0.116591
0.052106
-0.410735
-1.034759
-1.857325
0.157457
-0.427022
-0.892136
-0.281361
0.433220
0.005898
0.725332
0.610053
0.789766
0.194514
-0.764040
2.167542
1.708889
-1.223181
0.195701
-1.805016
1.189141
0.063787
-0.978300
-2.919623
-2.260573
2.139732
-1.808118
0.762124
-0.718488
0.350892
1.119085
0.617263
1.146466
0.360477
-0.450114
2.076383
1.154398
-1.284476
-1.157637
0.781740
0.377735
0.264117
0.234054
-0.631609
0.317508
2.029713
-0.170786
-1.241790
-2.378124
0.749805
0.099404
0.319086
0.043561
-1.345684
1.168908
2.079547
0.294862
0.418709
0.128003
0.545636
-0.324372
-1.023297
0.481646
-0.167595
0.108583
-1.341349
0.876921
0.181816
-0.555109
-1.409176
0.533061
0.099506
0.590980
0.255161
1.565546
-0.331853
-0.345140
0.092023
1.536832
-0.300505
0.098495
0.278158
-0.062572
-0.074995
-0.670504
-0.799055
-0.409410
-0.025200
0.470968
-1.366661
1.626005
-0.225718
-0.159867
1.271374
-0.308699
0.595890
-0.607889
-1.589799
0.162013
-0.321445
0.959863
-1.445263
0.949857
-0.493352
0.690472
0.630023
0.257905
0.052350
-0.797316
0.727735
0.272405
1.419046
-0.417658
1.040981
2.225863
-0.395050
-0.453885
-0.072264
-0.087418
-0.671170
0.551709
-0.082204
0.305942
-0.352977
2.705095
0.810614
0.650214
0.564383
-0.661632
0.575575
-1.176818
2.003500
0.828764
-2.110010
0.418313
-0.312985
0.476572
0.063137
0.712071
0.007860
-0.851153
0.011260
1.020565
-0.092730
-0.524406
0.232815
-0.891008
-0.420438
-0.472375
-0.509695
2.541390
2.159247
-1.073094
0.014131
-0.713581
2.031837
2.085947
0.118742
-0.883391
-0.217545
1.212043
0.621505
-1.358120
0.262802
0.590716
0.896538
-0.968220
-0.668791
-1.580418
0.343466
0.381839
1.147511
-2.670668
-0.291231
1.733204
0.046762
-0.198094
-0.139348
-0.223572
0.167556
0.134273
-1.034232
0.626723
0.263583
0.446443
-1.064043
1.261596
-0.446696
0.353148
1.536827
0.744147
-1.776302
0.020852
0.243416
0.011731
-1.033157
0.501334
-0.299421
-0.163636
0.996721
-0.478291
-0.547326
-0.716330
0.251640
-0.264369
-2.155383
-0.691134
0.432936
-0.101999
-0.028603
2.322081
-1.467699
0.250316
-1.335035
-1.028211
-0.053255
-1.188689
-0.017224
0.449249
0.692263
1.638102
-0.448363
0.758224
-1.213269
0.826304
-0.035175
-0.096462
-0.230824
-0.238445
0.817960
-0.768338
0.566892
0.468229
-0.301963
-1.486598
0.239149
1.807227
0.406469
-0.876114
-1.014697
-0.465376
0.706092
1.029627
-0.197210
0.879346
1.951508
0.098124
0.478270
1.952538
-1.937797
-0.329665
1.612313
0.228167
0.921129
-1.181673
1.617807
1.081311
1.001743
-0.489071
0.240303
-0.036281
1.429179
-1.146054
-0.073928
-1.678155
0.290494
0.591682
-0.581259
-0.381264
1.260883
-0.215154
-1.129493
-0.573888
-0.642211
0.521272
-0.194768
0.983305
-0.157432
-0.137272
0.416006
-0.168159
-0.351268
-0.177182
1.317208
0.005285
-2.073892
-1.114900
0.084638
1.432794
-2.254555
-0.985156
-1.858325
-0.026119
-0.300238
0.875547
-1.858256
0.408348
0.313733
1.476614
0.264785
0.263736
0.999352
0.051710
-0.881467
-0.076316
-0.159641
-2.015477
-1.279757
0.325568
-0.236812
-1.262791
0.294099
0.483509
0.927626
0.185467
0.710526
1.214387
-2.274617
1.170838
-0.895882
0.215178
0.963317
-0.721049
0.431293
0.488419
-0.339908
-0.537766
-1.192226
1.113482
0.071591
0.221100
-0.320092
1.583501
-1.553499
-1.383702
1.223926
-1.456389
-1.737256
0.809651
0.585755
-0.090685
-0.712182
-0.945920
-0.731696
-0.051597
0.542293
-0.566650
-1.615761
0.026872
-0.740169
0.314245
-2.218264
-0.821476
0.493028
-0.973509
1.439742
0.750663
-0.833115
0.112439
-0.035519
-1.341927
0.169200
0.412460
1.261124
0.987690
-1.725731
0.546682
1.151148
-0.468449
-0.797748
0.405486
-0.253687
-0.437787
-0.334443
-0.453200
-2.119279
-1.091076
0.443819
0.020006
0.782437
-2.248444
1.719591
-1.090503
0.514234
-0.314561
-0.255653
1.326731
0.154283
-0.134672
-2.301548
-0.269983
-1.290772
-0.334997
-1.053321
0.376640
-0.248392
-1.328057
-0.446847
0.332751
-0.304343
-0.974402
0.536644
0.398748
-0.786042
-0.168278
-0.512723
-0.938924
-0.841323
-2.035717
0.389681
2.884451
0.316260
0.720091
1.461633
-1.178909
-0.611676
-1.977108
0.761272
-0.605391
-0.055721
-2.189330
1.456834
0.786820
-0.490284
2.888679
-1.378402
-1.321565
0.764065
0.899994
-0.555059
-0.331584
-0.446252
-0.584706
-0.354188
-0.226204
0.705071
0.955303
0.243973
0.101008
-0.701186
-1.418905
-0.181390
-0.924001
-1.436733
1.294392
0.416697
1.854883
1.193319
-0.763669
-1.356493
-1.156053
-0.763594
-1.580159
0.060498
-1.117426
-1.378355
0.311407
0.431755
0.145636
0.986604
0.360616
0.190585
-1.165608
-1.277096
-0.440315
0.569006
0.129522
0.440387
-0.011428
1.194507
-1.415318
3.070153
0.090158
-0.906831
-0.538039
-2.985082
0.912456
0.460142
0.333389
1.879965
0.775427
1.944504
0.519677
0.976074
1.441548
0.952424
-0.290176
0.152605
-0.618953
-0.734676
-1.280401
-0.303616
0.115875
-1.668203
0.169119
0.168991
0.172249
0.552458
-1.525008
-1.520961
0.592150
-1.579742
-0.055679
0.333039
-0.603481
-0.558109
1.635716
-1.204912
1.110659
1.051427
-1.201592
-1.381387
0.622679
-0.947233
0.414268
-0.189195
1.149498
1.093244
0.121130
1.289939
-0.628119
1.017416
-1.774615
0.365478
-0.175398
0.441300
0.197945
-0.303517
-1.313819
-0.599067
-0.668536
-0.616624
-0.216233
-0.238804
-0.685185
1.382068
-0.584327
-1.377702
-0.198118
1.879019
-1.998027
-0.778650
-0.783249
-1.983592
-0.584423
0.330838
1.629067
-0.363091
-0.199254
1.058439
0.175028
0.313400
-0.388599
2.050445
1.798359
-1.193297
-0.227637
-0.261066
0.970699
-0.533705
0.668803
-1.316265
0.071730
0.406075
-1.300702
-0.460098
0.955528
2.129632
0.431735
0.192018
1.414584
0.341581
-0.844305
-0.154114
-1.126089
0.452727
0.597964
-0.617929
-0.757123
1.093686
-2.207790
0.895543
-0.727747
1.799232
0.645286
-1.028852
-0.923383
0.826290
-1.314598
0.299680
0.017724
-1.244925
0.669095
-0.206786
-0.029785
-0.049395
0.750840
-0.219562
0.921595
-1.205632
-0.004051
-1.090370
-1.442440
0.658922
1.967080
0.367503
-0.504447
0.202258
-0.118324
1.301383
0.541276
0.182753
1.129550
1.700403
0.306287
-0.661602
1.487126
0.176754
0.712503
1.030059
-0.512342
-1.326839
-0.262729
1.626386
-0.316573
-0.182478
-0.909633
0.948798
-0.184231
-0.972003
-0.092512
-1.892942
-0.501953
0.077344
-0.046303
0.971339
-1.259909
0.031449
0.530552
0.348376
0.455688
0.315035
0.157037
-1.418561
-0.152946
-0.011429
1.006133
0.048726
-0.625716
-0.068953
-0.729452
0.180729
-0.363485
0.081786
0.598270
-1.372324
-0.241017
-0.965619
0.082549
0.213184
-0.311374
1.450669
0.772902
1.287267
0.984986
1.860308
0.558119
0.626119
-0.367267
-1.396654
-0.552985
0.389417
0.861602
-0.782470
-2.007499
0.493402
0.839751
-0.562442
0.874974
-0.237620
0.482363
0.229067
-0.501309
-0.935655
-0.676052
1.492611
-1.310597
0.572603
-0.343825
0.064617
-0.701209
0.935855
-0.299696
-0.490359
-0.785151
-0.083722
0.515209
-0.041705
1.617345
-0.038959
-0.931681
-1.028261
0.226997
1.267894
0.332401
0.258085
0.229152
0.190097
-0.844857
-0.512391
0.315701
1.972179
0.980006
1.059563
0.747260
-1.419207
1.174164
-2.748702
-0.350055
0.605963
0.193264
0.493618
-1.036193
-1.134044
-0.002494
-0.393618
-1.172950
-0.831497
0.152075
-2.051595
-1.536381
1.054630
0.029713
2.482193
0.449929
0.685668
-0.776346
1.539505
-0.142235
-1.713826
-1.624516
-0.542832
0.288073
-2.303048
-0.778473
-0.422237
0.637291
-0.238511
-1.536971
0.098577
2.182846
-0.332843
0.076431
0.907754
-1.098862
-2.474030
0.833123
-0.557808
1.887197
-1.006817
-0.133482
-1.542505
-0.648248
0.108193
-0.480518
1.223768
0.052483
-0.624094
1.027618
-2.022819
0.044161
0.559773
0.647227
0.703662
-0.129314
0.955681
-0.013131
-1.969737
-0.112135
-0.795955
-0.951023
-0.378349
-0.780286
-0.202286
1.350345
1.227306
1.590178
-0.645807
0.278607
1.986009
0.577486
-1.018273
0.756926
0.966793
-0.370546
-0.726253
0.370536
0.759094
0.462770
-1.600077
-0.277477
-1.409630
-1.275059
0.762205
-0.162407
0.107765
-0.614930
1.057343
-0.899221
-1.852900
0.409272
0.481699
-0.037095
2.257685
0.022561
-0.418995
0.131322
