0.619835
1.113926
-0.464376
0.056000
1.070355
-1.089904
0.579344
0.484768
1.588982
2.014310
1.339927
-1.151831
-1.674831
-1.373223
0.741675
-0.542129
-1.097051
-0.192561
-0.106772
-1.393617
0.025539
-1.115444
-0.855047
0.924055
-0.547773
-0.714921
1.535145
1.051769
0.445055
0.319176
-0.928843
-0.697309
0.803697
0.061640
-0.553806
2.119265
-0.603430
-0.683825
-0.506264
-2.441985
0.535463
1.082091
0.549545
-1.229853
-1.273351
0.892429
-0.653514
1.181273
-1.160749
0.549262
-0.986068
-0.546981
-0.693423
1.281706
0.819477
0.198590
1.317759
-0.980400
-1.755631
0.446348
0.062096
0.069692
-0.947308
0.724549
0.510492
-1.353316
-0.045205
1.237183
-0.094719
2.073210
0.073593
-0.252248
-1.311730
0.021246
0.611385
1.931065
-0.829355
-0.215150
0.079302
0.343242
0.440187
1.514639
0.727573
-0.572970
2.459543
-0.563614
0.434597
1.527261
1.596574
-1.032528
-0.175827
-0.792129
-0.142653
-0.158646
-1.302601
0.387884
0.430056
-0.199174
-0.456338
-0.346146
-2.268454
-1.201055
-0.932117
0.155113
0.228294
-0.429389
0.597736
0.258254
0.873691
-0.040539
0.096666
0.635506
0.031355
1.094978
-0.636584
0.470040
-0.153566
0.444782
-0.855557
0.816982
-2.463656
-0.708657
2.215001
1.694252
0.070576
-1.032676
-0.596743
-0.699851
0.574066
1.683722
-0.138690
-0.054183
-0.162753
1.278456
-0.286158
0.322963
-1.026675
0.753322
-1.273843
0.467770
-0.959232
3.194853
0.255508
-0.830901
-0.205247
1.305417
0.016062
-1.598574
0.824000
-0.203268
-0.963492
1.436128
0.201431
-1.091182
1.691662
1.136599
-1.345405
0.233444
0.799374
-0.777232
0.415690
-0.123729
-0.218252
-1.061295
1.377482
0.492134
-0.041431
0.205045
1.453731
-0.234912
-0.706487
0.411960
0.926932
-0.393133
-1.313626
-1.754076
-1.158716
1.571118
1.012950
-1.197884
-0.192829
0.317926
-0.676957
0.338140
-0.733764
-1.138256
-0.982513
0.626442
-0.442051
-0.392869
-0.038060
-0.998586
-0.551542
0.671214
1.016866
-0.030996
0.235176
-0.792733
-0.492438
-0.415981
0.536003
-0.253503
1.172481
-1.045564
0.309356
-0.661199
0.027042
0.123794
-2.196167
-0.212839
-0.709291
2.013968
1.070890
-0.169214
-0.593421
-0.222283
0.245729
1.045161
-0.092363
0.858944
-0.304323
1.182096
-0.455693
-1.135379
1.167498
0.954939
-0.532853
-0.603536
1.413759
-0.311467
0.200006
1.185989
0.033749
-0.977554
-0.279508
1.184920
-0.720283
1.167914
-0.161835
-0.991172
-0.913625
0.930777
0.340132
0.277102
-1.517079
1.222397
-0.134233
0.425803
1.373943
-1.191143
0.438606
-1.360474
-1.967995
1.320259
0.078359
0.441235
-1.028726
0.362297
-0.806990
0.495159
-0.883942
0.383696
2.786165
0.851671
-0.480043
-0.240578
-1.552757
0.111905
1.082540
1.183952
-0.650445
0.376202
0.313569
0.057401
-0.722011
-0.741040
0.004456
-0.428554
-0.437819
0.544489
0.731155
-0.056874
0.317863
1.277439
-0.597931
0.379312
0.512568
-0.250193
-0.240776
-0.020055
-0.773256
1.507163
0.005267
-0.782314
-0.330426
1.491967
-1.826723
0.533954
0.871472
0.762775
-1.404946
1.834022
-0.312092
0.296664
-0.633717
-0.049802
-1.403912
-0.373850
-0.822429
-0.279708
0.348065
0.061488
0.973886
0.109851
-2.790787
-0.503890
1.144064
1.074361
2.030932
-0.759263
1.371172
0.174581
0.723541
0.324142
0.442196
0.232216
-0.450200
-2.433520
-1.268132
-1.582187
-0.490169
-2.521625
0.357327
0.994069
-1.526370
-0.123040
-0.521829
-0.485562
0.819652
-0.230617
-0.585990
-1.127007
0.107393
0.299860
0.108784
0.361481
0.749470
1.052086
-0.603087
0.089902
0.467653
0.054432
0.351143
-1.046514
0.638782
-0.495506
-0.183595
1.993832
-0.084212
0.311643
-2.531275
0.908464
1.641675
-1.182890
-0.228799
-0.759408
-2.053406
-1.390196
-0.045117
0.021534
0.707281
-0.350431
-0.340930
1.591116
-0.746545
-0.827292
0.517481
0.571854
-0.034581
0.018526
-0.697378
1.252904
0.212427
0.770310
1.147947
0.726564
-2.121454
1.103776
-0.551248
0.100269
0.174314
-1.752094
1.554502
0.316592
0.715478
-0.142806
0.534074
-0.034029
-0.277511
1.088828
-0.067126
-1.118587
0.581508
-0.790117
-0.629152
-0.563389
1.141942
0.144597
-1.136094
-0.333105
0.607733
-0.182786
-0.497690
-2.192855
-1.223434
-0.013660
-1.851116
-0.489685
-0.525607
-0.701778
-0.963595
0.863083
-1.732254
0.742690
-0.304466
-0.277862
0.645834
0.503310
3.195634
-1.431592
0.807150
1.121051
0.700077
0.211386
0.637761
-2.847051
0.809747
0.384009
0.960054
-0.341538
0.065300
-0.082322
-1.507352
1.662516
-2.097876
0.044381
-0.766573
0.758508
0.076086
-2.222775
1.409200
-0.771712
-1.477438
-0.790842
0.618269
-0.361094
-2.851050
1.480303
-0.344980
1.014245
1.109592
0.472254
0.098717
1.462837
-1.468769
-0.673129
-1.316620
-0.482554
-1.519777
1.353263
0.174782
0.549108
0.615434
1.725288
-0.673951
-1.421551
-1.142780
0.561865
0.176981
0.286211
0.228723
-0.304722
-1.760799
0.203414
1.641914
-1.212337
1.034414
1.409682
-0.860559
-0.027234
0.268372
1.125256
1.121018
0.131547
0.139249
-0.555698
0.194283
-1.809592
0.538408
2.357930
1.152354
-1.526049
1.329823
-1.703144
1.297891
0.056921
-1.526616
-1.124424
0.204746
0.983620
-0.790871
-1.152787
-0.682281
0.755733
0.915347
0.080044
1.484828
-0.122461
0.640582
-0.968555
0.287786
0.239837
-0.467515
-0.368011
0.676804
0.926795
-1.197888
-0.551808
1.408725
0.619951
2.075917
-0.360484
-0.180699
-0.209016
-0.162751
1.179534
1.060235
4.186305
1.377291
-2.168204
-0.679704
0.276736
-0.724552
-0.334971
-0.092574
-0.455903
-1.854091
0.024424
-1.006513
0.307817
-2.568969
0.147125
-0.178273
0.372545
-0.545413
-1.118095
-0.167257
0.232529
-0.914250
-1.120640
-0.452053
-1.743283
-1.872075
-1.930109
0.327995
0.176901
0.060513
3.304621
0.461184
0.650724
-0.194796
-1.660922
1.340018
1.192324
0.462592
-2.084998
0.702893
0.344392
2.182977
0.064885
-0.707903
-0.960315
-0.311026
-0.448112
1.102991
2.315868
-1.255065
-0.194527
-0.217880
-1.828903
0.179529
-0.516323
-0.625562
1.209561
0.674927
-0.744266
0.887919
-0.378254
-0.633722
-0.016057
-1.038959
-0.414650
-0.528884
-0.289564
-0.123692
2.019968
0.789659
-0.502496
0.963112
0.842825
0.976058
0.050728
-1.374576
0.635107
0.373039
-1.020532
1.916131
-0.354606
0.854338
-1.039963
1.440210
-0.276089
-0.543309
0.870717
-0.239708
1.742801
1.878316
0.124169
2.538302
-0.611721
-0.856780
-1.306098
-1.270057
0.431539
-0.421949
0.778601
0.312893
-0.647397
-0.455532
-0.876537
0.214794
-0.244473
0.846679
-3.099458
1.872210
-1.150445
0.847768
-1.900824
0.675786
-1.235696
2.395563
0.037212
0.102075
-0.813375
-0.391082
0.034003
0.024353
-0.177472
-1.364800
-1.197757
0.442195
0.438079
-0.863058
1.770140
0.024823
1.497904
-0.713350
1.639912
0.263680
0.669544
-1.305654
0.086508
1.924513
0.024544
0.083728
0.963317
0.721311
-0.089459
0.306315
0.757038
0.006310
-1.044455
1.166026
0.232975
0.070862
1.163865
-1.827803
1.237669
0.174761
0.517041
0.977003
-1.631126
1.972354
-0.137754
-2.325199
-1.679998
1.302559
0.184326
-0.055186
0.318606
-0.998902
0.373582
-0.522101
0.267692
1.638017
0.646252
1.437036
1.205878
0.102641
-0.174675
0.727578
-1.195288
-0.132915
0.554321
0.569814
-0.622743
0.233197
0.007749
-1.183742
-0.938401
-0.443886
1.093322
0.742001
1.355355
0.901173
0.344001
0.032455
0.210680
1.337755
0.274895
1.048081
-0.034559
-2.139803
-0.323468
0.136052
-0.680618
-0.047847
-1.539506
-0.689111
-0.819171
-0.233554
0.470927
0.579713
1.071194
1.032183
-0.445838
1.570722
0.095534
-1.011517
-0.965129
-0.978429
-1.316616
1.326270
-0.268960
1.036239
-0.525531
1.462148
0.355381
-0.966648
0.816573
0.618007
-1.595989
-1.428422
0.141945
-0.718598
-0.532690
0.782028
0.305528
1.077409
0.302711
1.492906
-0.360443
0.144577
-0.065286
0.135896
-1.117250
0.711752
-0.653753
-1.035341
2.623054
-1.060807
-2.350008
-0.298511
-0.899025
1.850969
0.520111
0.282426
-0.414249
-0.059683
-1.851739
-0.673017
1.126629
-1.228406
-0.795711
0.523224
0.325416
0.802013
0.952244
-0.337132
2.428726
-0.140070
0.906811
-0.138107
0.265460
-1.487420
0.380754
-0.302799
-1.511665
0.285271
-2.370368
0.393553
1.040726
-0.632571
0.438580
0.325142
-0.682731
0.088292
-1.213033
0.703296
0.999397
-0.029877
-0.541473
2.034071
-1.768495
1.470717
0.909676
1.153299
1.340221
-2.570320
0.481455
0.039671
0.039170
-0.741613
-1.660355
-0.989099
0.381188
0.061074
0.602980
0.800084
-1.137096
-0.015319
0.516648
-0.845410
1.495314
0.899033
-0.387475
0.094312
0.635392
-0.669818
-1.930229
0.439582
0.072257
-1.238872
1.396475
0.536444
-0.052025
0.582996
0.101120
-0.624738
-1.753704
-0.438658
0.355374
-1.008026
-1.041418
1.384845
0.697836
0.739018
-2.198921
-0.563865
1.241766
0.347137
-2.092500
0.908424
0.091431
1.077252
-1.787415
0.927028
-0.436938
0.453436
-2.043036
0.542546
-2.442766
0.325980
0.005796
0.065181
0.881213
-0.411530
-0.419646
0.199592
1.426810
-0.478718
-0.729202
-1.478638
1.635032
0.733542
0.428789
1.473559
0.232227
-0.701008
-0.380678
0.683137
2.009982
0.723879
-0.267353
-0.006601
0.433329
-0.297088
-1.583031
-0.760532
-0.717509
-1.102922
-0.538839
0.058207
-0.993192
-0.305685
0.893776
0.513015
0.457027
-0.159417
0.512222
-0.724212
-0.128892
-2.332395
0.325402
-2.052944
-0.771041
1.340310
1.710559
1.599733
-1.116403
-0.781375
-0.141254
0.043056
-0.099775
0.794692
0.011648
1.060964
0.384002
0.277560
-0.482730
0.466552
0.915732
1.392360
0.584716
-1.594724
1.893758
-0.568737
0.721567
-2.907199
2.521221
-1.193680
-0.720270
-0.345586
0.313251
-1.083889
1.013519
-2.073659
-0.028488
0.108212
-0.315860
-1.862257
0.334190
-0.977949
0.671735
-0.242933
0.832987
0.733218
0.265795
0.249133
-0.250403
0.714548
-0.920076
-0.146724
-0.119435
-0.437623
-0.421355
-0.569161
0.551669
1.490704
1.135070
-1.343873
0.134655
0.403436
-0.880815
-0.162777
0.692960
-0.990816
-0.032288
0.939415
-0.101059
1.084532
0.475143
-0.689003
1.510738
0.194143
-1.415828
-0.803280
-1.040304
-2.371077
-0.113990
0.229214
0.505024
0.478962
0.461890
-0.786192
-1.132020
0.336305
-0.669266
0.127148
-0.592755
-0.243181
1.090072
-0.624542
-2.595203
-0.396844
0.183726
1.142426
-0.331507
-0.013686
0.535979
0.631182
1.120300
-0.905383
0.561861
-0.593966
0.107256
1.334282
-0.517218
1.569237
-0.042618
-0.590924
0.701041
-1.025827
-0.465009
-0.354190
-0.893205
0.645987
0.998894
-0.673843
0.801529
-1.050053
0.568946
-0.877177
-0.882506
1.066260
-0.417638
-1.199909
0.048621
-1.020165
-1.887035
-0.330880
-1.781485
-0.162560
-2.451382
-0.786700
-0.361012
-0.346831
0.083885
-1.234107
0.144157
0.177621
-0.725801
3.664443
1.213922
0.946815
0.014235
-1.907251
-0.878655
-0.615091
0.258517
-0.826780
0.225673
0.825857
-0.328690
-1.302630
0.154012
0.384131
-1.453627
1.230351
-0.041856
-0.713250
-0.470067
0.941323
0.000516
-0.130369
-0.682309
0.310050
-1.057722
0.208503
3.488713
-0.074213
-0.637125
0.823463
-0.743845
-0.636004
-0.252500
-0.132593
0.224609
0.510341
0.104451
-0.927007
-0.342258
-0.292408
-0.308068
1.414434
2.437856
-0.621953
0.074532
0.442834
1.370046
0.192788
-0.150965
0.454461
-1.363835
0.251298
-0.427517
-1.737185
-0.629193
-0.302001
-0.103397
-0.637889
0.691233
0.164295
-1.297818
-1.388440
0.855179
0.651284
-0.816796
-1.021574
-0.261434
-0.129030
0.065474
1.535941
1.463354
-0.746011
0.788772
0.925026
0.893080
0.645236
0.465267
-0.349507
-0.664650
0.287325
0.650689
0.675692
-1.526616
-0.459273
0.476191
-0.004839
-0.371448
-0.237941
-0.912334
1.096174
-0.255630
-1.119036
0.158367
-0.994651
0.217077
-0.205416
0.897907
-1.404697
-0.120023
0.247954
-0.802139
-0.006012
0.559406
-1.176308
0.524512
1.390565
0.036806
-1.847238
-0.383373
1.712716
-0.764145
1.051754
-0.364235
-0.821807
0.056162
-0.338738
0.813046
-0.333966
-1.457926
-0.428217
-1.220547
1.598140
0.698712
0.569760
1.083230
0.053142
-0.382613
-2.152050
1.392614
-0.420636
0.449577
-0.048616
0.464553
-0.226812
-0.695186
0.700658
1.461778
-1.288109
1.735913
1.932073
0.762926
1.000000
-0.918031
0.754627
0.403116
1.339346
1.133553
-0.020151
0.599874
0.741837
-0.886162
0.808626
-0.150131
0.070021
0.954089
0.506583
1.308296
-0.634533
-0.542354
-0.358357
-0.195664
0.167634
-0.723515
2.350157
0.437640
1.649596
-0.666488
-0.975702
-1.062907
0.566489
0.498161
-0.849274
-2.007160
-1.393643
0.020165
0.756390
1.780847
0.705314
0.765132
-0.187068
-0.727704
-1.996178
0.386484
-1.352341
-2.696975
1.231242
-0.081931
0.412282
-1.176309
-0.219424
0.130498
2.291154
0.677850
-0.729047
-0.303516
-1.146181
1.112650
-0.403275
1.366932
-0.299865
-0.110333
-1.113844
-0.829117
1.132928
1.047584
-0.076912
1.197283
0.270199
-1.395949
-0.949378
-0.796141
-0.372523
0.207351
0.187596
-0.667338
0.320843
-1.056356
0.322377
-1.918042
-0.160193
0.931688
0.147930
1.424564
-0.262911
0.198218
-0.459980
-0.276248
0.706206
0.396004
-1.563706
-0.092999
0.521865
-0.505018
-1.039380
0.222419
0.719784
1.016381
2.537289
1.136678
0.492805
0.583103
0.838134
0.622845
-0.279811
-1.784826
0.019127
-1.518119
-0.186720
-0.521212
-0.176423
1.633937
1.223446
2.017212
-0.424679
-1.838301
1.327068
0.489193
0.185747
-1.305186
0.079974
-0.897487
-0.195855
-0.766688
-0.543636
1.675272
2.031481
-0.548930
-0.539158
0.714495
0.820966
-1.617045
-0.798112
-1.170281
0.473830
1.315748
-0.384617
0.622058
-0.758982
-0.459257
1.308202
0.204113
0.569612
0.901066
-1.088797
0.862433
-0.774158
1.004447
0.913828
1.379466
0.448495
0.785733
-0.443552
-1.510776
-0.521979
0.705578
-0.468385
0.126162
1.099015
1.609827
-0.078922
-0.851422
-0.725736
1.928146
-1.891409
0.212957
-0.330935
-0.091800
-1.819374
-1.500575
1.620661
-1.795881
1.551529
-0.320444
-0.248574
-0.376415
-0.944770
0.718293
-0.348395
0.391017
0.983369
0.348713
-0.031912
1.331067
-1.204385
-0.999277
-0.187963
-1.889765
0.606597
-0.596221
-0.349137
-0.586170
2.033981
-0.622440
-0.016482
-0.510884
0.166434
0.047373
0.755456
-1.217913
-0.354780
-1.858750
0.270427
0.959669
0.418041
-0.856827
0.525512
-0.542721
-0.164550
0.497719
-1.667609
-0.911529
-0.456775
0.271561
-0.230944
-0.161816
-0.494275
1.873375
0.327928
-0.993036
0.428052
-2.185597
0.931736
-2.209485
0.611357
-1.717880
-0.223538
-1.343962
0.232944
-0.688465
-0.455195
1.767662
-1.034705
0.868824
-0.784717
-0.409969
1.299815
0.489425
0.453149
1.181289
-0.601894
-0.170534
0.405628
0.230799
0.938510
-1.800894
-0.928844
-1.290856
-1.582986
0.601847
-0.453066
-1.081064
-0.204557
-1.779352
-1.251972
0.319720
-1.770711
1.539032
-1.345697
-0.056372
-0.741849
-0.173901
0.421612
1.252041
1.243761
-0.436239
-0.183743
0.250095
1.698381
0.920564
-1.677322
-0.750710
-1.151683
-0.962394
0.733182
-0.480466
1.637520
0.538182
0.328718
2.144379
-0.399273
0.377460
0.626602
-0.658266
0.191127
-1.451074
1.057791
1.942746
0.315213
-2.239653
1.925609
-1.310052
-1.299120
-0.881701
-0.275358
-1.421050
3.120454
-0.953715
0.905296
0.700773
-0.866445
-0.941658
1.721364
0.741982
-1.127028
-0.286576
-0.115477
0.652693
0.999874
1.026441
0.997942
0.304716
1.721996
-0.861056
2.130646
0.695079
1.492811
-0.226461
-0.791920
0.551226
0.487761
0.501527
0.210657
0.696179
0.511708
-0.787679
-1.398896
0.469262
0.176392
0.507147
-1.518654
-0.661839
0.204549
1.376388
-1.225871
0.134161
0.224478
0.292329
-0.829617
-0.835883
-0.561334
0.070315
0.498032
2.116727
-1.635920
1.014413
1.067725
-0.103157
-0.969967
-0.354736
-0.344146
0.591726
0.249837
0.733075
-0.081850
0.599522
-0.099844
1.834555
-0.721388
0.750139
2.308374
-0.594921
0.072266
0.787235
0.092492
0.976380
0.303095
1.399093
-0.221321
-1.768771
0.807829
-0.368639
0.048241
0.645930
-1.985133
-0.367698
0.601256
-2.334099
-1.143048
-0.835625
-0.496703
0.680608
-1.359450
-0.129116
0.647751
0.480996
0.065005
0.569285
1.612514
0.128578
1.663704
1.841978
-0.492650
-0.401739
0.621648
-0.769184
-1.694173
0.278106
0.445643
0.201831
-0.984554
-0.401394
1.054472
0.184202
-0.197799
-0.587516
-0.371694
0.030438
0.311240
-0.718560
-1.019126
0.044857
0.166863
0.034976
-0.630186
-1.698901
-0.175749
0.886046
1.853185
0.528809
0.343951
0.473661
0.110562
-0.831514
-0.623850
-1.174771
-0.149144
0.188338
0.860256
-0.418187
-0.981110
0.334477
-1.470045
-1.067420
-1.642872
0.060413
0.334757
-1.032252
-0.239060
0.663102
0.238117
-0.284616
0.064648
-0.174596
-1.312884
0.518780
0.794193
0.258951
0.359718
0.404460
0.350443
-0.465144
0.409782
0.506876
1.409162
-1.730389
-1.567827
0.670979
1.159356
0.323606
-1.225539
-0.585755
1.037449
1.261102
0.724293
-1.506483
0.463189
-1.988688
0.231506
-0.123070
0.776341
-0.130875
-1.060058
-0.307781
-0.125520
-1.531909
0.315116
-0.902803
1.140751
0.497704
-0.511228
-1.140976
-1.721509
0.915331
1.347738
0.273019
-0.603724
0.487456
0.055048
0.279780
1.766274
-0.207912
0.120057
-1.202025
-0.739098
1.051802
-0.562336
-1.888380
0.575865
0.589918
0.530303
0.846668
-0.684278
0.366244
-0.258467
0.448082
-0.895991
0.273157
-0.212010
1.987628
-0.120644
0.431098
0.470621
-0.513506
1.211869
0.417345
1.052055
-0.693319
-0.827818
0.555204
0.700874
0.631114
1.004046
0.074573
-0.110849
-1.073139
0.094585
0.577918
1.283340
-0.744733
0.493431
0.760823
1.122628
-0.135537
-1.106131
-0.428375
-0.809328
-0.018007
-1.679122
-0.675079
-0.605060
0.786783
1.002100
0.536413
-0.672752
-0.596142
-1.753407
1.354445
-1.887507
0.848724
-1.170372
0.054227
-0.236968
0.806056
1.430945
-0.261207
1.361030
-1.464254
-1.378613
0.665635
0.557283
0.155557
-1.683256
0.791069
1.249511
0.156311
-0.174802
-1.065762
-0.217532
1.060825
0.089291
-0.010731
0.577328
-0.784723
-0.398194
-1.274776
-1.627653
-0.364167
0.895636
-0.425403
0.910790
-0.860460
-0.110620
-0.759338
0.462645
0.581491
-0.554488
-0.877150
-2.959022
-1.509994
0.887101
2.061853
0.420696
0.038614
0.547727
-1.697051
1.081769
0.187234
-0.859282
0.003992
0.066386
0.103657
0.976765
0.127570
0.120904
1.479947
-2.323975
0.403196
-1.469119
0.230227
1.600441
-1.737207
0.113586
-0.791587
0.851525
0.323557
-1.233416
0.626614
0.819004
-0.972047
-0.600355
1.432998
-0.358099
0.914148
1.532198
0.959345
1.436952
-0.459082
0.913170
1.555433
1.186391
1.857034
-1.741286
0.820498
0.193094
0.245580
1.190928
0.011574
0.637872
-0.902125
0.182478
0.586941
0.042007
-0.461376
1.018248
1.621102
0.477715
-1.213268
0.027511
-0.103019
-2.593691
-0.292779
0.646605
0.722871
-2.066222
-0.279076
0.838498
-0.647875
0.700260
-1.060428
0.970673
1.442160
0.832743
-0.182378
-0.046281
-0.654579
-0.448578
0.637707
0.084189
0.154193
0.886465
0.595624
0.235112
1.009362
0.067547
-1.319432
-0.093789
1.918849
-0.234703
-1.204263
0.197385
-0.456874
0.863384
1.230958
-0.090027
1.012601
-0.344990
-0.517789
-1.480704
-0.465670
1.446788
0.286621
-0.668074
-0.619865
-0.486828
0.891879
0.013656
0.192103
0.169488
-0.114462
-1.680684
1.396724
-1.622835
-2.692128
-0.458034
0.741677
-0.032455
-0.269485
-0.158380
0.398690
0.406355
0.800080
-0.774347
-0.969005
0.844699
-0.319286
-0.717692
-1.176621
-1.060787
-0.388940
0.581755
-1.122780
1.560603
1.524079
1.275072
0.106993
-0.435976
1.075569
0.022491
0.288674
1.091141
-1.817936
1.185885
-0.522619
-1.761024
-0.275540
-0.943091
-0.895521
-0.981065
0.629933
-0.762552
-0.585372
0.147881
-1.403743
0.909104
-2.708048
-0.397728
-0.616169
0.727194
0.416402
0.608967
-0.516480
1.898923
-0.486122
0.003542
-0.711244
1.305093
-0.977581
-1.464461
-0.319540
2.105445
-0.273290
-0.769294
0.010980
0.230856
-0.300488
0.493902
-1.577713
-1.466264
-3.639141
0.082684
1.476763
0.243698
0.125598
0.865149
-0.349501
-0.621872
0.276944
0.742738
1.085043
-1.140238
-0.245348
-1.925913
-0.197927
-0.779816
0.437309
0.463286
0.997742
1.368274
1.513913
-2.043550
0.037104
-1.310689
0.752174
-0.621063
-0.655701
-0.586462
-0.936957
-0.376682
1.113408
0.777095
0.107436
-0.265665
-3.184317
-0.642061
0.360200
0.421332
0.308703
-1.094204
-0.098299
-0.742171
1.230403
1.425401
0.907118
-0.138452
0.655557
-0.904220
1.434410
0.790748
-0.394881
0.646675
-0.072640
0.619004
-0.712805
0.250719
-0.697515
-1.369348
-0.702031
-0.497827
0.776317
-1.096191
0.641185
-0.939773
1.081264
0.088390
-0.147987
-1.231221
-1.168699
-0.226061
1.300627
0.059700
-1.035268
0.911706
-0.106954
0.889266
-0.568267
