-0.564220
-2.262840
-1.298952
-0.428184
0.336125
-0.868002
-1.248661
-1.137546
0.819284
0.285217
0.147622
0.802528
0.881753
-0.643377
-1.771737
-1.499177
0.926366
0.484162
-1.433119
-0.426426
-0.065867
0.121369
-0.062888
-0.854586
1.134818
-0.514050
-0.976363
-2.016871
-1.311825
2.834709
-0.614172
1.525604
-0.535481
1.050965
-0.611189
-0.731175
0.364623
0.164080
0.714058
-0.518905
0.574215
-0.719640
0.848012
0.682170
0.305224
-1.087134
-1.696827
-0.617252
0.127707
-1.580370
0.527823
1.658307
-0.483715
-0.149264
-1.058221
-0.060184
-0.906902
1.063116
0.791927
0.239640
-0.290186
1.676853
-2.219177
0.362220
0.690614
0.046789
1.360010
-0.805152
0.062484
1.403646
-0.920932
1.295820
-1.817031
-0.235333
1.468694
0.566249
-0.005348
0.265078
-0.932149
-1.539085
-2.145950
0.622294
-1.975773
0.405509
-1.862339
0.516815
0.282927
0.170569
-0.392195
1.292052
0.867808
-1.270939
-0.535799
0.426957
-0.389896
1.105128
-1.294968
0.539374
0.745031
0.355024
0.254254
-1.395156
1.711090
-0.143947
-1.302052
-1.017755
-1.486703
-0.961347
0.628469
-0.339627
0.195937
0.831159
-0.686116
0.778774
-0.191073
-0.304859
0.339586
-0.178861
-0.595385
1.748419
0.049828
0.022386
-0.415509
-1.510902
1.287076
-0.989959
0.116785
0.058127
1.180402
-0.260252
-0.841574
-0.581547
0.141078
-0.196068
-1.513297
1.063264
-0.492546
2.593706
-0.015368
-0.261663
0.088129
0.227548
0.563113
2.701336
-1.998068
-1.040961
-0.703430
0.316731
-0.386301
0.578363
-1.429861
1.187636
0.272430
0.339194
-1.264843
-0.612299
0.168860
-0.787182
0.838807
-0.653386
-0.811007
0.480484
-0.921050
0.997253
-1.556761
-0.753432
2.092076
-0.873390
-0.479755
0.285682
0.366230
3.011603
1.439427
-0.521374
0.683190
1.461674
-0.050654
-2.496859
-0.315765
-1.335915
0.601313
-0.111486
1.078751
-1.043467
1.186168
-1.195130
1.555894
0.184762
1.226951
-1.467721
0.887947
-0.611116
-1.582292
1.297758
0.422447
-0.162477
0.234662
-0.497876
-1.400221
-2.171760
-1.765005
-0.482814
0.691186
-0.107951
0.138118
-0.467431
0.321537
0.837252
-0.766334
-1.303357
0.559031
-0.662482
-2.277091
0.253410
0.615040
0.723154
0.381240
-0.081556
0.126887
1.990261
0.047576
-0.361507
1.431300
1.190006
1.756516
0.992792
0.574438
1.429606
-0.170496
-0.298884
-0.828447
1.783381
2.415113
1.046093
-0.606310
-1.237260
-0.927340
0.058927
-1.322781
-1.594954
-1.550309
0.462558
-2.097826
0.505872
0.435214
-1.085889
-0.972829
-0.595299
-0.655752
0.871011
-0.147542
-0.875677
0.518621
1.007900
-1.774725
1.238092
-1.058982
-1.999975
0.076972
1.163004
1.258589
-0.404285
0.709187
-0.127544
-0.197398
1.183079
0.245474
0.988949
0.503719
-0.663081
0.566529
-0.158679
-1.259849
0.210234
-0.007626
-0.539059
0.121581
-0.871508
1.956531
-1.640561
-1.584029
1.081062
-0.789200
-0.657669
-0.656138
0.922568
0.122012
0.511120
-1.912757
-1.832508
0.224915
-1.933779
1.954214
0.329391
1.343575
-1.822564
0.547243
0.504127
1.177594
-0.357885
-1.406931
-0.738296
-0.541170
-0.332888
-0.219198
0.261240
2.162248
-0.860113
-0.686614
1.803335
2.536994
-0.753651
-1.968293
0.509876
-0.724212
-0.079479
-0.102696
0.331570
-1.345491
0.243867
-0.429254
-1.532067
-0.145939
-1.075642
2.945319
0.051629
-0.101376
-0.236642
-0.121089
1.251608
-1.425916
-0.789602
1.041757
0.483414
-0.198537
1.391857
-0.102731
0.976034
-0.003241
1.840816
0.852396
0.670117
-0.880126
-0.452869
0.395701
0.297295
-1.467015
0.284659
0.363666
-1.816493
-1.183890
1.502765
-0.559636
-1.163579
-0.370565
1.283748
0.440968
-2.314211
-0.566839
-1.636296
-0.628482
-1.953885
0.687709
1.057254
0.869304
1.028076
1.279680
-0.837783
-0.523430
-1.425295
-2.021892
-0.961893
-1.350320
0.054953
-0.385537
0.448464
-0.960202
0.349435
0.200918
-1.686291
-2.014499
-2.399830
-0.673602
0.086093
0.525909
-1.022871
-0.436865
-2.335255
1.832910
-0.809526
0.385547
-1.648592
-0.506514
0.986883
-1.246215
0.512896
-1.214653
0.665599
0.507584
-0.127065
1.844966
-1.652377
0.551262
1.831206
0.319580
0.728132
-0.191008
0.906580
-1.847378
-1.163773
-1.120994
-1.177747
2.461249
1.779558
-0.637227
0.454310
-1.700610
-0.725982
-0.300596
0.314093
1.238032
0.634685
-0.020352
1.277693
-0.189277
0.673520
2.091933
-1.203181
-0.288633
-1.007260
-1.613119
1.018197
-0.474569
-1.749936
-1.053109
1.013445
0.665132
0.115844
-1.630102
-0.535164
-0.989596
1.376687
-0.681214
0.875302
1.743510
1.375167
0.639425
-1.326156
2.389965
-1.359059
-0.705686
-0.016809
0.767845
0.281192
-0.825837
-1.022867
-1.544372
-0.392044
-0.296105
-0.144408
-0.391933
0.517641
-0.144485
-0.603284
-0.284744
1.686102
0.066894
1.091410
-0.390989
-0.721212
1.432724
0.629294
-0.620466
1.414838
-0.243073
-0.068251
-0.051836
-0.159532
0.291579
-1.471357
0.564661
-2.526525
-0.017557
-1.155700
0.470119
-1.038636
0.892613
-0.722540
-0.969456
0.280087
-0.374648
-0.541327
-0.570584
0.871238
-0.506634
-0.116338
-0.612837
-0.181573
-0.810594
0.530435
0.272139
0.871312
0.260560
0.336218
0.196094
1.591261
-0.130553
-0.369880
0.287907
-0.411875
-1.361659
-0.612184
-0.573306
0.482693
0.547415
-0.214138
0.239542
-0.916224
-0.100923
-0.314157
0.712120
0.888430
-0.564502
-1.984851
0.062464
1.202051
1.146060
0.644971
1.020448
-0.957626
-1.292505
0.472217
-0.158490
-1.219426
0.725869
1.419377
0.268165
0.288075
0.127673
-0.727571
0.021023
0.879616
-1.175162
0.980741
1.291748
-0.088744
-0.118158
1.409755
0.487291
0.457138
-0.153998
-0.839297
-0.464127
0.429461
-0.943654
-0.031619
-0.756913
-1.378971
1.676220
0.894182
-0.212097
1.179764
0.085430
0.485584
0.441497
0.310692
0.013514
-0.011285
-0.743846
1.211799
-0.306514
-0.042967
-1.103817
0.032199
1.542761
-1.144077
0.741624
-1.506236
0.551251
1.581658
0.127594
-1.187854
1.767611
-1.079806
-0.692052
0.450532
0.385692
-0.078917
0.260266
0.449825
-0.173662
0.273228
-0.381003
-0.534919
-0.525440
0.081187
-1.038635
-0.718334
-0.123921
0.367766
-0.210349
-0.002523
-0.647654
-1.564539
-0.620871
-0.609228
1.470879
1.053357
0.524131
1.257445
0.084349
-0.585034
0.882656
-0.697591
-0.802820
0.557769
-0.598183
-1.071668
-0.809303
-0.655399
-1.410219
-0.763262
0.541942
2.226351
-0.603926
0.615588
1.830534
-0.016283
-0.390242
0.215899
0.213762
-0.845927
0.116919
-0.609497
-1.128316
0.121869
0.924578
0.614704
0.001796
0.722674
1.109756
-0.144788
-0.337097
0.731832
-0.008610
1.921634
-1.332701
-1.535792
-1.092916
0.142719
-0.059742
-0.244832
0.962582
-0.156800
0.530802
1.673600
1.190984
-0.501506
2.282765
0.999544
0.238196
-1.094972
1.751174
-0.114761
-0.117083
0.030212
0.232436
2.275541
1.390888
-0.082619
1.634517
-0.361674
-1.096990
-0.468555
-0.624272
-0.128219
-0.070633
0.849619
-0.724982
1.028581
-0.315061
0.526330
1.890815
0.139803
0.515762
-0.713567
0.238579
-0.811032
-0.176509
-0.727695
0.092966
-0.905905
0.881417
0.271281
-1.319137
-2.015003
-1.547506
-0.960229
-0.011435
0.394198
-1.244278
-1.843638
-0.512429
-1.757651
-0.246466
-1.189233
0.457307
-0.657169
0.068287
-0.992313
1.784157
0.088326
-0.284754
-1.364153
0.349801
-1.125493
-1.200817
-0.727394
-0.684099
-0.639768
1.707685
0.666521
1.394700
-2.755000
-0.284456
-0.154090
-0.332009
1.695301
-0.532060
-0.833253
0.326992
-1.280375
1.673402
1.038504
2.396767
0.569984
0.210372
1.273722
0.139096
-0.020011
-0.970722
-0.796146
-0.038093
0.680687
1.006155
-0.673529
-0.486010
-0.909178
-1.283915
0.300692
-0.306917
1.373865
-0.443417
0.898784
-0.526178
0.464419
1.265341
-0.190903
0.223891
-2.707851
-0.484794
0.205579
0.113455
1.709342
0.350234
-0.001691
0.536902
-1.329321
-0.481112
0.510662
-0.239535
-2.461662
0.743585
-1.407218
-1.298514
0.437703
-0.249868
-0.801479
-1.624420
-0.639954
-2.249286
0.364800
-0.077463
-1.342706
-0.202991
3.020326
0.229564
0.409755
1.655854
0.397110
0.009983
0.074556
0.328244
1.101224
0.309362
1.205424
-0.112517
0.850697
-0.534567
0.877213
-1.208439
-0.467284
-0.520459
1.854833
-1.041463
-1.275456
0.274123
-1.241996
-1.079845
0.481954
0.290921
1.379225
0.391389
1.476130
0.822259
1.674736
0.132767
-2.143874
-0.665462
-0.258870
0.195610
-0.480799
0.545788
0.251593
2.001616
-1.313263
0.007669
-0.373761
1.302755
0.553292
0.829701
-0.114632
0.938776
1.567860
-0.711996
-0.928063
0.072390
-0.707987
1.265802
-0.282344
-1.134890
0.083498
-0.808028
-1.505048
0.408097
-0.580286
0.388884
1.203679
-0.047111
-0.653067
0.340779
0.907201
0.430412
-0.041698
-0.072132
-1.043421
-0.137539
-0.041957
0.619859
0.804440
0.220724
-0.832739
-1.424538
0.093451
-0.220090
0.155146
-2.422202
0.637721
0.319429
-0.093354
-0.408177
0.611538
0.226436
-0.736820
0.012075
-0.982082
-0.800411
1.572106
-1.921321
-1.255573
2.725298
0.097617
0.407468
1.396027
-1.996184
1.810507
1.090302
-1.076471
-0.279739
0.449253
-0.890334
-0.658167
-0.533998
-0.152692
-0.669318
0.616676
0.096762
1.420398
-0.776230
0.994950
0.554238
0.661324
-0.093772
-0.085034
-1.372968
1.206546
-0.195531
0.406887
0.765831
-0.257739
0.170069
-0.447640
1.204016
-0.934959
1.338350
1.070898
1.517054
0.294816
1.487173
-0.061705
-0.162964
-0.436883
0.467614
-0.426587
-0.060215
-0.260335
-0.219242
-2.187407
-0.242211
-1.756633
0.331400
0.760844
-0.717179
0.711316
0.440027
0.012741
1.805713
0.793561
-0.032008
0.721152
0.668268
1.732085
-1.429211
0.749708
0.209556
-0.929771
-1.705456
-0.916184
-0.098491
0.420087
0.692965
-0.326343
-0.237778
0.694316
0.854820
1.236276
-1.951913
-1.241686
0.294245
1.081059
-0.921146
-0.298285
-0.468822
-0.069213
-0.465632
0.778990
-1.594161
2.078574
-1.402379
1.037377
1.190247
-0.171291
0.185037
-0.461578
0.807344
0.329579
0.237507
0.884129
-0.087312
1.235559
-0.023989
0.713250
0.078874
0.529629
0.186279
0.605512
-0.431501
1.232284
-0.347241
0.378141
-1.168009
1.419775
0.870100
-0.308365
-0.911475
-0.388435
0.392841
0.441217
0.694270
-0.567087
0.042818
-0.172386
-0.633369
0.860480
0.370371
-0.349277
-0.410173
-0.028929
-0.714933
-0.919329
-0.072222
-0.405467
-0.299821
0.460021
1.803920
-0.838885
1.924388
0.138375
-0.695614
0.667885
0.403281
-0.556885
0.130170
-1.474247
