-0.480556
0.836666
2.537832
-1.323065
0.128314
-1.442085
1.302243
1.409624
-1.662204
1.943289
-1.084478
0.226773
1.098705
0.147159
2.295198
2.751997
0.138290
-1.906678
-0.364919
-0.847937
-0.764598
-1.127465
0.078173
2.106201
-0.715702
-0.280459
1.166237
1.212574
0.485442
1.025808
0.870549
-0.381680
0.428806
-0.299070
-0.899685
0.634616
0.067440
-0.187082
0.291668
0.987494
0.392855
0.194512
0.279728
0.051210
-0.774308
0.786621
1.408620
-0.533990
1.927366
-0.176212
-0.243701
-0.897418
-0.792175
-0.952781
0.353833
1.596701
0.527363
0.854028
1.341573
-2.499024
-0.167525
0.352943
0.717108
-1.304586
-1.005664
0.790522
-0.116548
0.552977
-0.960449
-1.633470
0.761045
1.193064
1.631725
-1.531878
-1.336580
-1.473546
-0.041655
-0.615382
1.313887
-1.454770
-1.741994
0.205263
1.192687
-0.802660
-1.265379
-0.149301
-1.636113
0.017341
0.828219
0.217694
-1.908856
-0.536712
-0.301971
1.813213
0.914665
-0.057069
1.309095
-1.044523
-0.348196
1.412273
1.502077
0.730227
0.490652
-0.586007
0.744748
-0.827986
0.574404
0.281784
1.139074
-0.425781
0.636010
0.793017
-0.898194
0.156213
1.596929
0.112417
-0.308562
0.456567
-0.275045
0.443053
-0.134738
-0.018324
0.460696
1.362038
0.451783
1.648048
-2.027949
-0.449165
0.235945
-0.835003
-1.275695
0.616909
0.612577
0.289322
0.395236
-0.870386
-0.497587
-0.106650
-0.687689
0.331813
2.364743
-0.482132
0.647316
-1.034214
1.339282
-0.968943
0.208673
-0.618467
0.511911
0.011352
-0.043980
2.948492
-0.629918
-0.046870
2.682479
-1.146457
0.552886
-1.076239
1.030430
0.327463
0.651992
-0.278804
0.245142
1.472214
-2.274638
-1.632958
0.415384
-0.654635
-0.296288
-1.496614
-0.904650
-0.404099
-0.725650
-0.866309
-0.421761
-0.942474
1.341610
-0.988233
1.817572
-0.374360
-1.451445
-0.618556
0.934311
1.055714
0.160195
0.287342
0.632777
-1.458745
-0.581591
-1.829777
-0.449012
0.949081
0.717295
2.287363
0.166694
-2.156052
1.689055
1.282020
-0.582512
0.222569
0.779293
0.384629
0.696225
-0.112693
-0.038816
0.088071
-0.789495
1.422671
0.006330
0.686341
-0.854759
-1.075016
-0.090949
-0.252720
1.194580
0.605940
0.540404
-1.444645
-0.967497
0.202010
-0.347807
1.289825
1.340881
-0.580679
0.874957
1.395166
0.320920
1.623052
1.062217
0.214062
0.876625
0.194367
-0.414808
0.358386
0.036215
-0.364557
1.770659
0.221228
2.729821
-0.296105
0.564181
1.582298
2.728674
0.303502
-0.790098
0.803217
-1.319634
-0.273790
0.271812
1.489250
1.436849
-0.027556
0.923743
-0.321215
0.660990
1.914904
0.156728
-0.300475
-0.499933
0.716325
1.337016
2.125247
0.054035
0.163003
-0.632578
1.611663
-0.075433
-0.473141
2.183796
0.809716
0.716197
-1.005366
0.433898
0.520038
-1.092022
-0.225748
-0.404839
0.527752
-1.006758
1.088805
1.784511
-0.303693
-0.008695
0.506532
1.203007
0.521911
0.396965
-0.482712
-0.231450
0.613260
1.682508
0.568278
-1.205784
0.432972
-0.092102
-0.244005
-0.219144
-0.879588
-0.320739
-0.784256
-0.364888
0.117247
0.174304
-0.215612
-0.152580
0.033681
0.458189
1.281370
0.619964
-0.286615
0.597894
-0.245483
-1.780374
-2.346761
-1.713246
-0.237079
-0.619500
-0.720014
0.040649
-0.658847
-0.630387
0.609501
0.782176
2.436088
0.302346
0.058308
-0.574017
-0.195173
-0.050521
-1.755417
-0.257305
0.749389
-0.570648
0.494133
0.991238
1.076921
0.776684
-2.259380
-0.564262
0.901308
0.394595
0.004853
0.436830
1.129843
0.153739
-0.758473
-0.180126
-0.207747
0.896563
0.412224
0.547408
0.147805
-0.362193
0.061129
0.216661
-1.397838
0.178834
0.927395
-0.110155
1.572078
0.560376
-0.420259
-0.153914
-0.275143
0.241071
0.754533
-0.291850
0.458352
1.754931
0.931301
0.825096
-0.814641
-0.534095
0.242502
-0.100627
-1.624717
-1.514115
1.025980
-0.757973
2.077921
-2.221534
0.448672
0.000626
-0.756085
0.404242
-0.793691
0.859608
0.066856
-1.639053
-2.424256
-0.283772
1.145573
0.181132
0.054239
0.687614
-1.393123
1.425075
-0.893669
0.037757
-0.363495
0.149526
-1.944122
1.523585
0.545699
2.009518
1.416382
0.011478
-0.938858
-1.738554
0.016968
0.219114
1.045608
-0.950789
0.794636
0.071415
-0.773529
0.774004
0.265601
-0.235058
1.876910
0.609115
-0.110251
0.277401
0.087028
0.173558
0.453499
-0.603395
-0.796862
0.360575
1.884708
-0.306759
-1.012518
-0.238497
-0.483916
-0.327278
0.475421
-0.129978
-0.594232
-0.443677
-1.322260
-0.859346
-1.412713
-0.515881
-1.084877
-0.707015
-0.301593
-1.200196
-0.019358
0.340301
-0.963035
1.113696
-1.585782
-0.391715
-1.484384
-0.344557
-1.323646
-0.574718
-0.740556
-1.184761
-2.064439
0.564945
1.999735
2.222875
-0.492077
-0.045994
-0.465652
0.075932
-0.918583
-1.919076
-0.036436
-1.224876
-1.902047
2.373765
-0.233298
0.403798
1.192226
-1.684416
0.413064
0.501643
0.083047
0.157766
-0.527835
0.722913
-0.849769
-0.796222
0.725190
1.686201
-0.386315
-0.504976
0.407991
1.072138
0.967786
0.270091
-0.634277
0.629635
-0.079218
1.376669
-1.407926
0.141203
1.289457
-0.494835
-0.624698
-0.933444
-0.278668
-0.200484
0.136713
-0.883169
0.082521
-0.603752
-0.368653
-0.838000
-0.282418
