-0.385475
-0.039153
-0.869531
0.894877
0.098637
-1.108450
-1.138093
-1.362447
-0.926568
-0.494299
-0.166177
-0.353452
-0.885911
1.369915
0.189155
1.169444
-0.554420
-0.769332
0.003145
-0.323245
0.288266
1.433099
-0.250510
0.806939
-0.789490
-1.122385
0.561043
-1.384397
0.528775
0.396565
-1.134276
1.482897
0.382891
-1.085314
-1.924993
-0.457501
-0.219931
0.091533
0.307974
1.728374
-0.728820
0.272220
0.022294
0.124712
-1.289409
1.010245
-1.073807
-1.135980
-1.654176
1.404019
0.573206
-0.047990
0.094036
0.537129
-0.924799
-0.563676
-0.386966
1.089175
-0.340402
-0.171959
0.763026
-0.340533
0.907531
0.388614
0.406961
-0.465114
1.577145
0.831829
-0.288615
1.595954
-1.475341
-1.064651
-1.412327
-2.087747
0.955414
-0.452044
-1.265301
-0.061775
-0.737605
0.797068
0.894387
1.169371
2.191446
1.556348
0.805692
-0.027215
-1.386306
-0.444185
-1.530122
-0.202817
0.033400
0.741826
0.326609
-0.933596
0.774696
-1.903106
-0.547402
0.664103
0.932882
-1.526179
-0.352289
-1.016816
0.886535
1.641066
-0.637654
-0.900490
-0.647792
1.636381
-0.515951
-0.051789
-1.381552
0.780467
1.243273
0.153471
-1.742742
-1.285523
-0.724684
0.287190
-1.255999
-0.604921
-0.759936
-0.115844
-1.026514
1.415386
-0.737797
0.530063
0.843225
0.208460
2.245258
-0.691739
-0.486462
0.581208
2.100044
0.345157
-2.484724
1.082188
0.044832
0.828177
1.204977
-1.291305
-0.359112
0.060240
-0.407638
0.619125
0.982920
0.540073
0.122527
-0.777347
-0.805595
-0.605659
0.781101
0.561370
0.183594
-1.331267
-0.097739
0.492580
-1.094944
1.330945
0.197991
-1.543497
0.188378
-1.577965
-0.205865
0.920933
-0.682237
-1.210348
-1.052834
0.208705
-1.463533
3.084661
-0.727574
0.057429
-1.340475
0.430672
-0.775823
1.239005
-0.083561
-0.021486
1.029980
-0.105645
0.784705
-1.245147
0.108652
0.971899
0.314735
0.196315
0.310055
2.445152
-1.034119
0.716803
-0.268569
0.375942
-0.955320
0.155075
0.450555
-0.837615
-0.221151
1.702125
1.539476
-0.640073
-0.139483
1.114301
-0.153570
-1.547386
0.337707
0.294095
0.604785
-1.012352
-0.554651
-0.084422
0.368877
-1.494374
0.791220
0.149583
1.426854
3.623635
-0.124774
-0.808804
-1.006318
-0.387307
1.531601
-1.017842
2.697471
-1.024768
0.341941
-1.693326
-1.341056
0.211790
-0.836337
1.469137
-0.614829
0.915555
-0.591692
-3.588780
1.118737
0.429745
-0.128917
-0.213970
1.068494
-1.499759
-0.180664
1.002073
-0.817640
0.169348
-0.254004
0.509651
-1.363693
0.820667
-1.649160
0.791935
0.060056
0.249077
-1.508402
0.321105
-0.026280
-0.197502
-1.306092
1.640732
1.113211
1.012692
0.961511
-1.722170
-0.901272
1.127565
2.067780
0.390085
-0.000767
0.792356
-0.641695
-0.329860
-1.279632
0.165227
-0.265024
1.158604
1.355251
-0.702152
-0.878684
0.076087
0.201352
-0.899864
-0.643573
0.119917
-0.117773
0.217093
-2.239907
-0.052814
-0.475109
-0.408833
-0.030101
-0.144670
0.349673
0.567554
-0.353265
-0.393010
-1.549899
0.249716
-1.167081
-0.669165
-0.216946
-1.148546
1.033612
0.100728
0.587766
0.104657
0.311484
-0.335691
-0.458391
1.518181
1.187882
0.448163
-0.167694
-0.813772
-1.599220
1.214608
-0.135002
0.822754
1.456943
-1.437452
-0.764445
-0.285483
-0.689861
-1.189090
0.073065
-0.490228
-0.623060
0.021918
0.279104
-0.884563
-0.143155
-0.882334
-0.237884
0.420256
-0.121023
-0.515183
-1.706645
0.067966
-0.435791
0.197304
0.945920
0.269615
-1.004818
-0.914292
0.211254
-0.764892
0.050823
-0.956988
0.469663
-0.480312
-0.479767
-2.104222
-0.425935
0.114878
-0.100884
0.237868
2.050300
-1.773236
-0.622000
1.822014
0.707019
1.026238
0.371554
0.755092
-0.320017
0.945257
-1.652520
0.406950
1.087924
0.552508
0.250494
0.872395
-0.050575
-0.331594
1.092272
-2.181837
-0.326997
1.072450
-0.555998
0.117392
1.054765
0.953802
-0.086951
-2.653575
0.302854
0.018543
-1.501414
0.895886
-0.741452
1.390616
-0.769843
0.914259
-1.072473
1.237324
-0.178667
0.028979
-1.869926
0.417380
0.510782
0.063697
0.242554
1.073118
1.176149
0.206698
2.071139
-0.746494
-0.094103
1.417992
0.360434
0.350282
-0.359193
-1.288673
1.515239
-1.631069
0.720236
1.178009
0.042697
-1.968742
-0.844570
0.682544
-0.826874
1.210547
0.830435
-0.365617
-0.854186
0.228361
0.019091
0.038485
1.189337
0.494193
1.614237
-1.422433
-1.081614
1.081126
-1.451946
-0.835945
-0.921204
0.246384
-0.118900
1.099364
0.930237
0.613996
-0.935442
-0.714730
-0.343502
-1.062638
-1.409460
-1.061305
-0.869013
0.520063
0.337560
-0.595152
-1.016025
-0.081763
-0.226288
-0.924308
-0.429651
0.885949
-0.517277
1.560317
0.917804
0.660107
0.211160
-1.527018
-0.896693
-0.002446
0.917290
0.560303
0.518675
-0.622760
-1.052640
0.230113
-0.665011
-0.801520
-0.603810
1.127165
0.814087
0.035137
-0.034267
0.553870
0.196109
-0.916263
-0.858363
-0.304451
1.456680
-0.040140
0.448866
-0.307551
0.934122
0.333512
0.235430
-1.306935
0.543776
-0.584024
1.255422
0.076168
0.045701
-0.651457
0.614978
-0.789182
1.467298
1.458332
2.017257
-1.032331
-0.057944
-1.276517
0.796197
-0.433440
-0.439729
-0.067188
0.600691
-0.565422
-1.150736
1.378161
2.155629
1.019647
-0.281375
-0.509398
-0.103893
-1.611850
0.535721
-1.654613
0.175238
0.981217
0.008177
0.761474
-0.497267
1.023751
0.916353
1.574876
-0.583778
-0.749016
0.011312
0.162127
-2.048363
-0.992471
1.305578
-0.079990
0.244234
0.356511
0.162533
2.200968
-0.343425
1.177425
-1.297802
1.406889
-1.529071
-0.672925
1.241905
-0.165008
0.953894
-0.736173
1.078953
0.150821
-0.360907
0.818788
-0.537584
0.194322
-0.615358
0.277504
0.250019
0.447053
-0.559483
-0.766408
0.107805
0.168548
-0.366357
-0.082094
0.585106
0.389424
0.989926
1.278820
-0.627425
-1.667811
-1.496765
-0.763767
0.410969
-1.249609
0.542638
-0.621925
1.281231
-0.960618
0.788326
-0.530260
0.459322
-0.618071
0.728118
-0.609876
1.105350
1.501072
-1.556876
0.472588
0.527283
-0.272492
-1.471935
0.923528
-2.165974
-0.165274
1.563904
0.319486
-0.034210
-0.527074
-0.834988
0.158423
1.194047
2.586171
-0.260723
0.724466
-0.125250
0.496575
0.875485
-1.414713
0.568130
-0.596197
0.432733
0.611068
-1.600377
-0.914493
-0.899751
0.251533
0.162566
0.611938
0.548933
1.465186
-0.051405
0.038411
-0.153130
0.316439
-1.026066
-0.672766
0.420150
-0.103969
-1.301117
1.328462
-0.053657
-0.522712
-0.851840
0.084378
-0.106126
0.013765
0.023864
-0.558863
-0.958982
-0.577482
-1.339055
-1.754411
-0.225134
-1.044585
1.620220
-2.397691
1.465064
1.037221
-0.106558
-0.921045
-1.687046
0.649804
-0.262195
-0.404523
1.364889
1.250798
0.504329
-2.097406
0.486103
0.832799
-1.092539
-1.237426
0.254419
-1.846895
0.105288
-1.053920
0.808088
-1.253976
0.879317
-1.109375
0.839053
-1.284432
-1.665418
-0.096498
0.150538
1.079933
0.480896
-0.319721
-0.784346
0.396564
-1.794041
-1.040469
0.217775
-0.265831
0.908116
1.218976
-0.055903
1.744198
-1.215940
-1.484651
1.557051
-1.695918
-1.036548
-0.756034
0.244060
0.096962
1.754461
-0.588065
0.541250
0.229743
0.231480
0.996670
-0.273587
0.939833
0.651001
-1.713707
0.844596
-0.998430
-0.514042
2.074244
-0.690932
-0.710642
0.933768
-0.391995
-0.382696
-0.981203
0.399114
0.060474
-1.055624
-0.551127
-0.958862
-1.008974
0.041554
0.492133
1.574787
0.805031
0.038352
-0.541233
-2.001577
-2.743722
-0.164732
0.636830
1.578708
-0.201894
-1.003097
-0.954182
0.247378
1.995455
-0.130598
-1.407864
-1.520186
1.267986
-0.023648
-0.262274
-0.434881
0.157919
-0.383640
-0.819776
0.017772
-0.538722
1.097824
0.633086
1.200992
-0.389719
-0.360444
0.484420
-0.941069
0.972491
0.585655
-0.222054
-0.592879
-1.775580
-1.544425
-0.831498
0.876417
0.670287
0.499378
-0.778306
-0.040966
1.122436
0.026920
-0.822129
-2.177407
0.402856
-0.300516
-0.530185
-2.274516
-0.159656
0.039790
1.182845
1.251403
0.004624
-0.298561
0.577660
-0.233127
0.530499
0.703764
-0.959284
0.020720
0.316940
-0.574177
-2.008846
0.666375
-2.143850
1.231923
0.535898
2.082045
0.920651
-0.148702
-1.002328
0.813190
-1.629978
0.020499
-0.241502
-0.925780
1.230519
0.366731
0.006459
-0.930773
1.940179
-0.660987
0.165278
-1.377646
-0.751734
-1.204906
-0.797763
-1.332387
1.155585
1.055439
-0.329662
1.877382
-1.902207
0.045632
0.245938
0.700815
0.139558
-0.978781
0.108819
2.073523
-0.719100
-0.353972
-1.493742
-0.261962
0.721478
1.929908
-1.424752
0.686358
0.476597
0.093972
0.296726
0.292671
0.640622
-2.313471
-0.908236
-0.638263
0.858379
-1.320253
-0.443587
-0.221257
2.420270
0.678191
-0.500112
-0.639708
-0.365586
-1.074610
0.285456
0.357373
-0.717063
1.097330
1.014119
-0.484726
-0.899420
1.035519
-0.405987
-0.381920
1.894011
-0.044622
-0.025591
-1.144760
-0.435025
-2.187166
-2.455154
-0.985880
-1.126775
-0.593903
0.910941
-0.796817
0.875098
-0.862415
0.606100
-1.996395
0.265823
-0.701002
-0.724995
-1.565054
1.408743
0.227980
0.351961
0.822126
-0.269257
-1.134011
0.975667
-0.230431
-0.161621
1.326547
-0.997694
-0.237994
-0.432077
-1.653884
1.000928
0.132894
-0.551329
-0.597669
0.544974
1.674900
-1.897862
0.742571
1.090994
0.837825
1.286578
2.274769
-0.949776
0.616802
0.228148
-0.454023
0.018148
1.237367
-0.292658
1.701353
0.531427
0.186131
-0.178000
0.189172
-0.533757
1.822980
-0.393459
-0.490727
1.576286
-1.146332
-0.578647
0.314782
-1.906095
0.058581
0.108857
-0.819831
0.372469
-0.512441
-0.666521
0.048876
-0.171883
1.260987
-0.988269
-0.435937
-3.137281
0.328422
-0.760770
-0.069597
1.177618
0.618503
-0.802199
-0.029344
0.746662
-0.656123
0.685470
2.296403
-1.761502
1.915851
-0.195026
-0.958522
-2.483396
0.193818
0.481208
0.597383
0.536756
-1.037178
0.155753
-0.183166
0.364185
0.103105
0.639332
0.278278
0.108753
-0.581736
0.234172
-2.552139
-1.076538
0.102708
0.540029
-1.214326
-0.123038
-1.082159
0.287441
-0.453122
-1.005240
-1.266602
1.977853
0.587627
1.405274
0.942164
-1.125699
1.587997
-0.157446
1.052009
-2.312292
-0.982792
-0.369042
-0.322354
1.306748
0.032135
-0.585235
-0.183474
0.574184
-0.089797
0.555867
-0.249277
-1.371356
1.783094
1.821831
1.046718
0.518585
0.082704
0.485217
-1.779468
0.606305
1.323525
-0.037689
2.034669
-0.315498
0.967799
-1.779664
0.603674
1.992069
-1.892333
1.579413
-0.591212
0.023219
-0.578537
-0.682344
0.606293
0.228225
-0.546061
-1.652504
0.091173
-0.576590
0.876673
-2.373855
0.173831
0.612359
1.507802
-0.245637
-0.378810
-0.495578
-0.997768
-0.194346
-0.143251
-0.581648
0.291171
0.308216
-0.101248
-0.323794
0.484761
0.559932
1.258142
1.142095
0.652531
0.098260
-2.138391
-0.140200
1.259679
-2.655788
-1.331893
-1.788311
0.668072
-0.095689
-1.803519
0.091694
0.779958
1.292213
1.626946
0.363084
1.911872
0.068614
-1.013199
0.096560
0.694204
0.214755
-0.395772
0.185718
-0.015230
-0.666691
1.535982
0.776019
1.534844
0.453788
-1.364481
2.219425
-0.995192
1.309138
-0.071865
0.373249
0.546301
-1.047577
-1.935483
-1.167080
-2.345602
0.633259
-0.521706
0.202774
-1.810022
-1.603686
0.736786
-1.386737
0.103330
-1.335926
0.758431
0.290083
2.261194
1.955667
0.990874
0.197712
1.728299
0.124637
-0.037396
0.476003
0.592795
-1.078391
-0.663611
1.299505
1.193064
0.742169
-0.849025
-0.970621
-1.436592
0.948800
-0.956650
0.803058
0.651682
0.204291
0.259050
2.134335
-0.109268
-1.235608
-1.237427
1.605552
0.416276
-0.278253
0.446626
-1.683992
-1.234106
-1.718824
1.040282
0.478973
-0.604379
-0.649952
-1.809214
0.841024
0.711484
-1.030232
0.446768
-1.393244
0.267656
0.667891
-1.510403
-0.001732
-2.532232
-1.617383
0.639957
-0.045474
-0.013744
-0.579153
-1.703836
0.384216
-1.321216
-2.101894
-0.707534
1.538935
1.102285
-1.541152
-0.478052
0.545220
-0.082783
-1.784827
-0.302261
0.870355
-0.140135
0.625052
-0.092720
0.446434
1.185508
1.373636
-0.141531
-0.133655
-2.151556
1.443049
-0.051304
0.318098
-0.598589
1.095172
0.509952
0.181310
0.354806
-1.367415
0.573078
-0.055418
0.620564
-0.537449
-0.008418
0.779990
0.305935
-1.278949
1.006175
1.251776
0.543763
-0.327752
-1.830928
-2.407027
1.330441
0.885313
0.981779
-2.075730
-0.026916
0.293816
0.330829
-0.660483
0.351353
-0.284245
0.386501
-0.831770
1.237985
-0.042816
-0.492242
-1.863758
0.364098
-0.101286
-1.837138
0.051654
-1.507429
-1.536941
0.129408
0.156259
-1.217549
0.464228
-0.667884
0.789700
-1.082228
0.072658
-1.427141
0.033383
0.013717
0.118112
1.117021
1.569239
0.255726
1.090640
0.386754
-1.350861
-0.852170
0.986134
-0.198834
-0.371913
1.221912
0.178173
0.659153
-0.411332
0.795983
0.106821
1.012924
0.354832
-0.154067
-0.446612
-0.006889
-1.112620
-0.806152
-1.714414
0.435429
0.219710
-0.908622
-0.003730
-0.035574
-0.432402
-0.565359
-0.127420
1.257409
-0.045446
-1.191357
-0.045833
0.512764
-0.163955
-0.445516
-1.368616
0.545521
-0.045316
0.635303
0.068761
0.671391
0.070467
-0.599054
-0.113318
-0.575744
-1.582701
-0.307439
-0.660170
-1.526943
0.365577
0.488680
0.478443
0.017302
-0.196214
-0.022099
-0.452547
0.359847
1.315641
0.712214
0.545333
0.895005
0.291593
2.110788
0.344201
-0.239041
-1.112450
0.966342
-0.428950
-0.520647
0.191765
-0.095780
0.114525
-0.190426
0.420442
0.396923
0.929356
1.306589
-0.149052
-1.261539
0.981077
-0.871658
1.852791
2.009149
-0.093997
-1.598213
0.481191
0.706880
0.569387
0.130436
0.803815
-0.328509
0.003302
0.387897
-0.436033
0.205940
-1.408478
-1.331223
0.307764
-0.551786
-1.246569
-0.844646
-0.066284
0.663185
-0.544811
-1.062846
-0.812892
-0.312021
-0.399217
-0.288507
0.519287
-0.507426
0.469237
-0.568402
-1.598970
0.318943
-1.943915
0.470629
1.118923
-1.197782
-0.539586
2.257170
0.807389
-0.343160
0.030624
-1.144063
-0.724185
-0.247747
1.486895
-1.730530
-1.594514
-0.496502
0.801543
2.220831
-0.927298
1.132637
0.780975
2.169870
-1.382717
-1.459010
-0.046891
0.207299
-0.929466
-0.266973
0.938783
-1.500013
-0.355265
-0.124336
0.374713
-0.220427
0.294461
-2.079863
-0.382647
-0.516879
0.060645
0.706289
-2.149609
-1.153603
0.722948
1.610747
0.808511
1.857753
0.491762
1.414690
-1.253274
0.557767
-0.202260
-1.852291
-0.651020
0.112384
-0.495465
-0.927050
1.069117
1.810089
0.358681
-0.609090
-1.135420
-1.702770
-0.385475
-1.735060
-1.544978
0.733798
-0.053658
1.452519
-1.085730
-0.181297
-0.364427
-0.291582
0.233703
-0.188750
0.391194
0.864245
0.764475
-0.072485
-0.039195
0.004926
-0.281681
2.614657
0.655299
1.226231
0.466534
-1.303605
-0.848458
-0.847795
-0.223852
0.513180
1.353425
-0.092812
0.590311
0.965882
1.459020
0.393432
-1.266998
-0.290551
0.992070
-0.433912
1.630549
1.426741
-0.778087
2.356887
-0.746188
1.486064
1.691945
-1.505438
-0.383170
0.216855
-0.087917
-1.038712
0.525427
-0.795242
0.588194
1.370287
0.689474
-1.207726
0.202765
2.270949
-0.924158
1.184899
-0.760107
0.083575
0.958830
0.000450
-0.258820
0.007153
0.067732
1.150370
-0.374102
0.461809
0.226628
-0.605973
-0.729443
-1.200256
0.050791
0.732064
-0.096049
-1.656426
-1.423671
-1.619882
-0.749146
0.296251
-0.329511
-1.749877
-0.503111
0.106923
1.322976
1.241161
-1.463940
-0.414300
-0.728930
0.885880
1.246717
-0.100481
-0.672367
-0.349928
-0.031740
0.550847
0.346593
-1.388176
-1.347794
0.282687
-0.297759
-1.557395
0.874809
-0.319750
1.167341
-0.492069
0.344059
0.365169
0.255635
1.369181
0.235815
-0.389753
0.111579
1.021063
-0.189737
-0.137922
0.090305
-1.124985
-1.141568
-0.780206
1.178649
0.964027
-1.064316
-0.697052
-1.099296
-0.902351
0.446863
0.839645
1.146472
0.816210
0.530820
0.401933
0.957783
-1.865223
1.735176
-0.084440
0.941513
1.156451
2.683816
-1.201434
-1.340484
-1.821559
0.501238
1.305830
1.402306
-0.939935
1.204268
0.373028
-0.750682
0.204601
-0.317695
0.347984
0.442238
-0.663635
-0.225346
-0.563789
0.403993
-1.694758
0.617135
1.556104
0.907862
-0.855668
0.151576
0.370732
0.231576
-0.419246
-1.072448
-0.508009
0.375892
0.153426
-0.641502
1.665845
-0.123182
-1.153786
-1.244297
-0.483431
-0.458102
1.372471
0.513605
1.947331
1.624750
-0.236639
0.020010
-1.699914
1.473355
-0.445332
-0.009219
0.098205
0.346753
-0.439988
1.005313
0.618172
1.762406
-0.027086
0.061504
1.000089
-0.176966
-0.194425
-0.168401
1.029667
0.036466
0.617366
-0.885492
0.501247
-0.288204
1.278068
0.290373
0.144621
0.698103
2.224727
1.510873
0.449018
0.172398
0.630213
0.471751
-0.363031
0.037053
-0.233926
-2.007818
1.080589
-1.444713
-0.950532
1.117903
0.922949
-0.441777
-1.608828
-1.412256
-1.181610
-0.457127
-2.889143
0.740254
-0.395618
-0.136687
-0.430273
0.184122
-0.074594
0.511874
1.995856
-1.959529
0.528506
-1.345463
1.901996
0.010352
-1.217663
-0.776190
-0.501441
-1.390201
1.450190
-1.648579
-0.232596
-1.728366
0.479080
-0.475993
1.180929
-0.948041
0.104069
-0.626068
-0.941401
0.912480
1.705277
0.968192
1.806558
0.375614
0.511201
0.372116
-0.526377
0.890418
-0.485484
0.309588
1.202434
0.074612
-1.091429
-0.542409
-1.282752
0.547666
-1.060023
-1.347256
1.117854
-1.680564
0.839249
0.182286
-0.002491
-1.094582
-0.743831
-0.049493
1.313896
-1.053090
0.542125
-0.887826
0.765928
-0.164401
0.032095
2.000628
-0.423313
1.480396
-0.312497
-0.336695
0.397791
-1.438385
-0.188520
-0.161634
0.937504
0.570046
-2.446386
0.574257
0.060561
0.347390
-0.644640
1.599046
0.171823
0.937176
-2.007029
-0.752791
0.585316
-0.112596
-0.031575
-0.728628
-0.321177
-1.441181
1.050874
-0.200809
1.505074
0.951750
0.200608
0.538684
0.116785
-1.277531
-0.941622
-0.148269
-0.119659
0.062482
1.568916
-0.027426
0.369897
-0.376206
0.159563
0.590118
-0.405864
-0.630624
-1.468762
-0.849278
-0.615727
-0.421635
-1.110408
0.971448
0.066845
0.959009
-0.098368
-0.705417
-0.162756
1.528431
-1.343673
-0.603081
-1.542046
0.429457
1.506264
-0.316084
1.150710
-0.135181
0.607972
-0.058835
-1.058494
1.029316
-1.510071
1.220881
0.318627
-1.449042
-0.665741
0.389609
-0.201533
-1.048882
-0.191317
-0.659656
-0.401677
0.060261
-0.653252
1.072625
-1.831924
-0.357609
-0.749259
-0.097451
-0.494040
0.919684
0.003695
-0.695360
0.532882
-0.042957
1.732865
0.578571
0.581378
0.377750
-0.128368
0.287733
-0.409368
-0.713584
0.917972
1.156103
0.398073
-0.413963
1.709968
-0.299841
-0.199585
0.761412
0.854892
1.181407
-0.028691
0.911652
-0.855273
1.094524
-0.190174
-1.585144
0.546258
1.313477
0.862618
0.697027
-0.424119
-1.652135
0.807939
-0.436028
0.599255
-0.253924
-1.232890
0.780594
-0.122138
-0.845481
1.289650
-0.777195
1.141544
-0.783219
-1.443585
0.559531
2.501042
0.473937
0.330506
-0.172813
0.511197
0.041953
-0.619764
-0.291160
-0.897485
0.413348
-0.406818
0.449614
-0.535216
0.741919
1.108425
1.118871
2.457426
1.849055
-0.181521
-1.270242
-0.120605
-0.042802
-0.099485
-0.807619
-0.666806
-0.390207
-0.310710
-0.699842
0.844168
-1.597243
1.947874
-0.769096
-0.011931
-0.680953
0.238598
0.447781
-0.740307
-1.457369
0.010748
0.096019
0.451128
1.418804
-1.089318
-1.046086
-0.514927
2.198977
-0.640130
0.144330
-1.059205
0.583110
1.107584
1.160806
0.513586
-0.383165
0.581736
-0.475128
-1.967170
0.740174
0.452325
-0.451524
-0.791309
-1.536196
-1.303332
1.268611
-0.227326
-0.267459
0.160507
0.875676
-0.036517
-0.286078
-0.687390
0.717550
-0.751391
0.786549
-0.122047
0.280886
0.637707
0.501787
0.331011
1.880916
1.574046
0.421326
0.454932
-0.495381
-0.802516
-0.286791
0.227701
0.508372
1.127030
-0.395685
-0.382271
-1.184526
0.181201
0.851848
0.628444
-1.823432
-1.050088
-1.207884
0.449028
0.010411
1.493600
-1.725757
-0.474983
1.050421
-0.017690
-0.027876
-0.075264
2.222202
-0.286219
0.556430
-0.409985
1.494774
-0.386603
-1.143005
1.252476
-0.401013
-0.040756
-0.831932
-0.405342
-1.222986
-0.543592
-0.475571
0.578335
-0.116010
0.343142
0.933792
-1.273868
-0.041375
1.120669
-1.384078
0.498331
2.018246
0.992218
-0.098088
-0.526631
0.206157
0.287445
-0.772861
1.682802
0.803151
-0.142030
0.000501
-1.879360
1.662823
-1.002058
1.641002
-1.611549
0.625552
-0.039842
0.674170
-0.146307
-0.772381
0.559822
1.196327
1.545780
-0.731792
-1.754673
-0.114526
1.767235
0.553502
-0.016303
0.198400
-0.720958
-0.761585
0.635294
0.017104
2.427836
0.636814
1.592750
1.290191
-0.667883
0.328313
-0.396907
1.734305
-0.974295
0.171040
-1.106862
-1.292274
-0.153707
0.628517
-0.297783
-0.485689
1.750237
0.830899
-1.099078
0.522944
-0.320765
-0.160495
1.475091
-2.405399
0.359950
1.954817
-0.789779
0.743776
-0.619386
0.869041
-1.591511
-1.399191
-0.866520
1.074732
1.106978
-0.650649
-1.414508
0.700671
1.428682
-1.153431
-0.159436
0.627692
-0.245266
-0.305200
1.081225
0.533665
-1.711812
-0.550693
2.154473
-0.633855
0.980957
0.331161
0.222786
-0.868709
0.918925
-0.617734
2.447505
-0.783031
0.116121
-0.528954
0.159064
0.474071
-1.403044
0.021661
0.261086
-0.916767
1.030270
0.590360
1.003189
0.587567
-0.117938
-1.516015
-0.185923
-1.209523
0.198766
-0.495613
-0.036065
0.053641
2.209937
-0.617557
1.092765
-0.355510
-1.238359
1.140770
-1.704906
0.505062
-1.002457
0.248933
2.297649
2.076099
0.596261
0.579682
-0.287766
-0.374487
0.862464
-0.932635
-0.169389
2.237049
0.081859
-0.443651
-2.055914
-0.236647
-0.390885
-0.413726
-0.463299
0.022891
1.248652
-1.081294
0.133616
0.002699
-1.159698
1.607378
1.475615
0.738875
-0.280560
-1.080525
0.551862
0.632774
0.055016
-1.381951
1.679482
-1.419213
0.373081
-0.281760
-2.793388
0.121308
-0.917339
0.956437
0.643275
-1.653164
-0.436951
0.163086
0.203890
1.412426
-0.969404
0.037717
0.146372
-0.874492
1.122251
-1.369043
0.574689
-0.861845
0.488859
-0.942170
0.302886
-2.099939
-1.469621
-0.649650
0.170265
0.143849
-0.039856
-0.873154
-0.480053
-1.478030
-1.252075
-2.623992
0.178990
0.138463
0.222669
-1.191235
0.315514
0.357443
0.180114
2.443503
-0.896396
-0.191919
-1.341309
1.220215
1.650851
-1.551680
-0.130032
1.944407
0.182547
0.055117
0.607749
0.672822
-1.093096
0.258108
-0.528258
-1.469859
-1.168673
0.038825
-0.293618
-1.112907
0.539407
-0.811659
1.147951
0.865403
-0.350955
0.896760
0.228773
-0.161578
0.424044
-0.259819
-1.332821
0.853951
0.356529
-0.637014
0.280956
0.038021
-1.521634
-2.132394
-0.197582
-2.443169
0.199145
-1.431623
0.300407
-1.243730
-1.209136
1.268847
-0.033854
-1.107818
0.173079
-0.386501
-0.448117
-0.319913
-2.215748
-1.628130
-1.334695
0.498377
-0.096052
0.318928
-0.808592
-1.671155
0.383861
1.117843
-0.153763
1.141450
0.183598
1.215434
-0.716812
-0.618136
0.458398
1.219066
0.149653
1.095132
-0.056473
-1.736534
-1.249209
0.675953
0.754027
-0.014745
-0.287538
0.481548
-0.744475
-0.017857
-1.281041
0.372361
-1.510180
0.353266
1.387658
0.712454
-0.618485
-0.772500
-0.331725
2.550843
1.841169
0.316926
0.212838
0.381762
1.994970
0.358991
-0.317696
-1.500161
1.607088
-0.056386
0.362388
0.770447
-1.545862
0.896019
0.398215
1.850070
-0.579720
-0.704247
2.521341
0.312493
0.500139
0.753690
-1.132600
0.850132
1.089616
-1.060826
0.882848
-1.596006
0.330250
0.509570
-1.857878
-0.249221
-1.183410
0.516406
0.244588
0.001593
-0.356002
-0.705715
-0.887469
-0.164569
-0.690685
-2.152671
-1.245047
-0.557666
-1.306922
0.514156
-0.594115
0.597702
-0.750481
-0.232019
-0.250127
0.426799
-0.263478
0.980913
-2.510149
0.483793
1.885747
0.285549
0.031428
-0.138358
0.599899
0.188319
0.859977
1.137421
-1.346791
0.569045
-0.940501
-0.033048
-0.391569
0.318120
1.955980
0.295737
-1.080617
-0.155376
-1.465687
-0.429694
-0.680054
1.959819
-0.393355
0.372183
0.993690
-0.797950
-0.357370
-1.809930
-1.050460
0.493944
0.683355
-0.360031
-0.762473
0.176788
0.155451
-0.180130
0.800467
-0.863236
-0.193828
0.098926
2.369450
1.208416
-0.000962
-0.410320
-1.113244
0.321049
-0.873541
-0.187053
-2.865015
0.741141
-0.092937
0.157058
-0.254540
1.344068
-0.126037
0.533082
0.161887
0.216424
0.320400
-0.654697
1.120437
-2.200359
0.299785
-0.291190
0.354065
0.132452
-0.359132
-1.836305
-0.358317
-0.153290
-1.368372
-0.328937
0.083168
0.902133
-0.096620
-0.082801
-0.449169
1.868389
-1.229113
0.964789
-0.512176
0.323213
0.129766
0.161719
-0.706239
0.939125
-0.864599
-0.876611
0.335242
-1.244684
0.782630
-1.195420
-0.262881
-0.938155
0.028085
-1.183372
-0.224296
2.377388
-0.577019
-0.593533
3.190668
0.637248
-1.158160
-2.468150
-0.379441
1.099833
0.027774
-0.003509
0.669243
-0.491782
0.770028
0.215075
0.713746
0.454029
-0.917463
-0.077720
-0.495370
-1.909350
1.907449
0.639652
-0.059826
-0.572338
-0.575402
0.197470
-0.712548
-0.583726
0.850935
-0.350702
-1.545748
-0.054227
-0.533169
0.628534
0.440683
-1.211741
1.417493
0.536203
-1.336137
0.297910
-0.424390
0.966961
-0.658741
-1.589426
1.192853
-1.065489
-0.161590
-0.454575
0.020601
-2.569146
-1.732309
0.562940
0.201405
0.026974
-1.536033
0.642123
-1.966855
-0.699798
0.061523
0.173763
-0.143251
0.111547
1.024834
-1.291100
-0.952384
0.917676
0.173302
-0.985129
0.071216
-1.526622
0.797587
0.548484
-0.679864
0.329987
1.574810
-0.117594
0.354342
0.663943
0.894011
1.620932
1.102305
1.728665
0.727644
0.445211
-0.416164
0.673796
-1.923160
0.862680
-1.842794
-0.798556
-0.070673
-0.983481
-1.828159
0.767650
1.245958
-1.352717
0.787847
2.349380
1.344430
-1.005803
0.886249
1.345501
0.393804
-0.219625
-1.951853
-0.947097
-0.022021
-1.758929
0.786723
0.586057
-0.013107
0.243133
0.449292
-1.175280
0.822830
1.447395
-0.907416
0.768210
-0.284064
-0.287390
-0.370681
-0.605301
-0.105930
-1.313905
-0.541588
0.048724
1.560848
-0.438423
-0.958587
-0.643362
-1.723556
-0.738967
-0.743381
0.375464
0.659115
-0.300321
1.573180
-2.793310
-1.683893
0.289616
0.885244
0.773014
1.489059
0.822444
-0.878098
-1.679953
-0.030929
0.386896
-0.156032
-2.017305
0.135622
1.397784
-2.208423
-0.793580
1.220904
-1.800183
0.572487
-0.535233
0.264277
1.805248
0.766499
-0.142850
0.419383
-0.366530
-0.065373
0.082861
-0.511255
-0.055851
0.999824
0.634073
-0.477207
-1.306517
-0.484075
-0.987477
-0.848472
1.493986
0.075262
-2.000970
-1.818789
0.793522
0.228257
0.532350
1.623666
-0.501196
-0.255151
-0.884406
-1.289768
-0.975677
0.423962
0.921306
-0.525537
-1.444799
0.692232
-2.039079
-0.676602
-1.399291
-0.761541
-0.250561
1.680775
0.858021
-0.442264
0.003304
-1.464008
-0.209516
0.126827
-0.734240
-0.346958
0.709716
-1.390106
1.128508
1.802415
-0.617681
0.245515
-0.023014
-0.190831
-1.098661
-0.438254
0.653517
0.744404
-0.927275
0.126075
0.530954
1.330758
0.496634
-2.017143
-0.654300
-0.705485
-0.435992
-0.448337
1.008115
0.080781
1.912377
0.418277
-0.240613
0.794639
-0.588793
-0.514496
-0.136987
-1.313213
-0.429372
-0.957164
-0.800978
-0.525882
-1.591346
-0.510238
0.004468
1.526720
1.373571
-0.257205
-0.198102
1.190594
0.255003
-1.139638
-0.377682
-0.326742
-1.386406
-0.259842
1.587159
0.799064
1.198784
0.085145
0.017584
1.099521
-0.340327
0.315341
-0.779438
-1.909407
-0.555011
0.180792
0.985396
0.133488
-1.296541
0.782831
0.010431
-0.650119
-0.640863
-1.219905
0.277669
0.630855
0.297224
0.684712
0.109227
0.078558
-0.353727
1.628435
-1.104896
0.480915
1.235109
0.802408
0.998468
-0.057730
-0.565303
-0.038291
1.142942
0.693638
-0.529626
-2.106030
0.138357
1.869209
0.759703
1.755262
0.763197
-1.568961
-0.441310
0.293203
-0.821265
0.055760
-1.264521
0.422775
1.273067
-1.111220
0.357340
0.575533
-0.051664
-0.231762
-0.761354
-0.163257
-0.706945
0.361181
-1.542187
-1.831219
2.087235
-0.540006
-0.108564
-0.245202
-0.972766
1.669666
0.948804
-0.438126
0.628988
0.756444
-0.923432
1.511221
0.412780
1.027204
0.053875
0.586647
-1.482284
1.377026
-2.122952
-1.582662
0.078618
-0.888273
0.084264
0.874591
0.829379
0.436367
0.717779
0.816235
0.832756
0.770206
0.936316
0.661801
0.669490
0.171869
0.015243
0.071231
-0.199726
2.327955
2.552814
-0.675524
0.764497
-0.517758
-0.125278
0.728408
0.720960
1.289834
-1.769459
-1.810325
1.197128
-0.189051
0.643766
1.592504
-0.413430
-0.504208
-0.138800
-0.356760
1.594310
-0.978760
-1.139351
0.230169
-0.035675
-0.642687
-0.090960
1.512540
-0.163299
1.676956
-0.530224
1.466720
0.059370
1.440254
0.550309
1.668989
-0.224870
0.546278
0.877696
0.528211
-1.550141
-0.758011
1.150039
-1.420392
-3.540336
-0.862218
1.058148
-1.093849
0.983846
0.038055
0.359094
0.181066
-1.894601
-0.894511
-0.866875
0.232762
0.414911
0.511484
-1.397997
1.159329
0.368122
1.149238
0.199254
-0.732756
1.944655
2.852845
-1.442745
0.421804
-0.268998
0.227844
0.374747
-1.291533
0.419421
-0.135617
-0.343445
-1.592572
0.259683
-0.142880
-0.483098
0.412677
1.123115
-0.395505
-0.147096
-1.149043
0.560131
0.458997
0.146738
0.806970
-0.018367
0.947671
0.919846
1.606995
-0.085847
-0.898914
-1.474342
-0.403821
0.446929
0.276537
-1.417218
1.383211
-2.088387
0.331522
2.395146
0.028531
1.207344
0.176783
-0.645977
-0.380476
-0.422751
1.215786
-1.576489
-0.965088
0.753182
0.554440
0.646850
-1.138314
0.053801
-1.608277
-0.369416
1.215084
0.165417
-0.891849
-0.095238
-0.304843
-0.783792
1.269572
0.280360
-1.611962
1.477135
-0.638761
-0.186949
-0.155228
-1.415652
0.952882
1.862111
-0.674040
1.203891
0.501374
-0.570735
0.615789
-1.571453
-0.391102
-0.302816
-1.326198
0.059253
-0.273839
-1.134767
-0.612204
-1.070525
0.624336
1.069740
0.735551
1.158450
1.148013
-1.031680
-1.100616
-0.492565
2.804154
1.197753
0.498738
1.633683
0.058018
-0.390674
-0.287574
0.402252
0.701177
-0.327421
-0.179257
0.246318
-0.429873
-1.168780
-0.546940
0.955816
3.446433
-1.040665
1.659854
0.640247
0.484286
-1.010837
0.411841
-1.450485
1.299609
1.031033
0.755706
-0.086690
0.716597
0.541567
0.607073
-2.167117
0.410058
1.795003
-0.307756
-1.073436
0.724232
-0.747481
0.711888
-1.258437
-0.198164
-0.047734
-1.120247
0.385451
0.159020
1.638409
-0.774911
-1.872588
0.099028
0.104145
0.677798
0.481046
0.970802
0.547665
0.202941
0.596072
1.684915
-0.799915
-0.938801
-0.479396
1.381952
1.067758
-0.950014
-0.603879
2.502960
2.689168
-1.069577
2.135984
0.617397
0.405179
-0.955978
0.367139
-0.881204
0.942128
0.715360
0.121725
1.477098
-0.773899
-1.256014
-0.343977
-1.089084
-0.098142
0.135541
0.400916
0.862746
-0.555392
-0.932163
0.272593
0.867862
-0.527821
-0.262286
1.880535
-1.368037
0.467178
-0.725708
-0.597413
0.500888
0.108170
0.730252
-0.173505
-0.946271
-0.570317
-0.379055
0.404536
-0.815559
0.172383
1.346467
-1.346536
-0.483964
-0.626608
-1.236673
-0.628299
-0.640543
1.750102
-0.309988
0.192270
-0.030599
0.456114
1.395664
-1.175785
0.368316
0.516097
-0.593237
0.477825
0.323487
1.517865
-0.403040
-0.458897
2.180601
-0.461937
2.025606
1.042683
0.544898
-1.009978
0.905173
1.411169
-0.095452
-0.825530
0.276289
0.287331
2.099494
-1.575215
-0.406280
0.950755
0.551094
0.184603
1.574187
-0.626965
0.462176
-0.137743
0.687591
-1.051529
0.494948
0.709993
0.076969
0.317605
-0.441235
0.737621
0.664936
-3.184243
-0.168310
0.351471
-0.527549
-1.057822
-0.198281
1.838765
0.903896
0.433927
1.273494
0.372873
-0.481052
-1.275012
1.006294
-0.565869
-0.446146
0.582810
-0.499984
1.166048
1.497062
-0.107922
-1.742321
1.156311
0.050016
0.551168
-1.500204
0.342947
-0.711653
1.853054
0.901693
-1.104791
-1.249126
0.877162
-0.061008
0.358695
0.765148
-0.714567
0.864966
-1.012803
0.195764
-1.148558
1.099660
0.949183
1.155886
1.702486
0.254926
-1.404762
0.313346
1.973662
2.178561
0.441973
1.078623
0.095048
-1.024521
0.743393
0.148187
-0.777920
-0.173532
0.539705
-0.607408
2.544697
-0.669076
-0.434855
1.644209
-0.554295
-1.857034
1.307490
0.647882
1.432458
-0.518312
0.199161
-1.164188
0.946940
0.569687
-0.675262
-1.213148
0.973606
-1.014036
-0.054247
-0.443274
-0.355639
-2.083729
-0.705095
0.670955
0.887775
0.188087
1.444889
-0.731384
0.433263
0.355790
-0.398177
-1.948376
-0.416733
-0.305034
0.316896
0.159721
1.366042
1.869246
-2.448455
-0.988711
-0.528607
-0.502709
-0.536643
0.706258
2.320111
0.417246
-0.123205
-0.788551
1.226239
-0.635293
-0.587534
-0.405980
0.218588
-0.888831
-2.148362
0.857629
-2.300438
-0.398473
0.102163
-1.784478
0.894573
0.016412
-1.554172
1.514755
-0.502194
-0.023356
0.193855
2.020736
0.345049
0.343193
-1.853384
0.053276
0.118734
0.965551
-1.638093
0.005893
0.350926
-1.162757
-0.675385
-0.252280
0.767718
-2.147429
1.794110
-2.019250
-0.162636
-0.712352
-0.539841
0.495693
0.815997
-0.820096
-0.292988
1.713461
-2.308662
1.380721
-1.976289
0.883942
0.152513
-1.569801
0.584391
-2.221994
-1.120312
1.424820
-1.901304
0.808273
-0.797752
-0.809532
0.939819
-0.792828
-0.180874
0.091326
-0.025435
0.456584
-0.056652
-0.811392
1.304161
-1.042122
-0.645692
-0.883093
2.187907
-0.002608
-0.936998
0.609552
-0.012697
0.003866
-0.064560
0.395153
-0.338083
0.166811
0.144044
0.128041
0.047199
0.689691
1.030651
0.912305
-0.317746
0.464254
-0.856302
0.026298
0.358450
-1.526100
0.551188
-1.605162
-1.425493
-1.359182
0.342846
0.538498
0.380855
-0.922975
-0.280310
0.461131
1.169523
0.490348
-0.118972
-0.672248
-1.893468
0.450913
-1.650633
-0.286879
0.413394
1.643831
-0.269316
-0.554337
0.656910
-0.372627
0.605954
-0.553724
1.449545
0.431096
0.037394
1.498548
0.361014
0.819818
0.794120
-0.259326
0.448170
-0.596157
-0.972615
0.920378
-1.792263
0.616267
0.477568
0.349446
-0.262146
0.660093
-0.076827
0.419790
-0.082225
-0.153869
-0.392210
-0.218928
0.374928
0.340152
0.638154
1.237101
-0.400809
0.161023
0.347659
-1.467868
0.095363
-0.058001
-0.862783
1.781434
-2.284570
-0.186824
1.495474
-1.694157
-0.503387
-0.142682
-0.268680
1.031196
-0.900884
0.151072
0.117955
0.116108
2.755310
-0.528114
1.470542
-0.136418
0.809093
2.164776
-0.288519
0.502862
-1.384263
1.879999
2.022483
-1.766155
0.506604
1.179401
1.314297
0.634673
-0.164909
0.340208
-0.931648
0.254221
0.668938
-0.310779
-0.005744
-0.151746
-0.454183
0.561200
-1.497170
-1.471785
-1.880166
0.065923
-1.139791
-0.451309
1.290059
-1.070765
-0.595993
-1.067247
-0.741080
0.210077
1.950332
0.087279
-1.124367
-0.321669
0.114727
0.122847
-1.175523
-0.838940
-0.061824
0.357532
-0.669345
1.292859
-1.118039
0.530730
-0.852277
2.560036
0.266787
0.718052
-0.194622
-0.675490
-0.543951
0.786878
-0.612976
-0.304121
1.576968
0.779777
-0.241822
-1.237008
-0.737001
0.516566
-0.507636
1.373500
-0.832281
0.580045
0.380708
0.706666
0.578004
2.162260
-2.204678
-1.184679
-0.538979
-0.313026
0.912780
1.095820
-0.308036
-1.432451
0.765779
1.496127
-0.155250
-0.049279
0.246234
1.694454
0.019785
0.780945
-1.416502
0.676685
0.152815
-0.505637
0.127423
0.244872
-0.078691
-0.738570
-0.006474
0.295589
1.587031
-0.869521
-0.218335
0.832608
0.020271
-0.988310
1.513483
1.545496
-1.644081
-0.195175
-1.851096
1.943819
-1.018607
0.230650
0.056381
1.041576
-0.855922
0.849979
0.278855
-0.659002
-2.136099
-1.802652
-0.075254
1.276853
1.667725
0.106321
1.092323
-0.322372
-0.833346
0.673269
0.335634
-0.533778
-0.175585
-0.782705
2.375171
-1.080949
-0.080086
0.183040
0.189737
-0.153928
-0.927032
1.242460
-1.070511
-1.586183
-1.708429
1.348954
-0.366070
0.247120
-1.456790
-1.278260
2.213031
-0.283554
-1.224973
0.737084
1.434458
-1.595694
1.379963
0.050450
0.274748
-0.052653
-0.131478
1.263622
-0.527191
1.232379
0.106959
-0.515413
0.697020
-0.178529
-0.625882
-1.051148
1.035615
0.673076
1.165218
1.192645
0.455189
-0.509292
-2.287854
-1.603874
1.297335
-0.758389
1.714203
-2.177984
1.473033
-0.959803
0.381216
-0.566243
-0.905066
1.319695
-0.349703
-0.713420
0.009716
0.135336
-1.993594
-1.556561
1.317987
0.222588
1.309723
-0.701871
1.102364
0.283076
0.921549
1.313889
0.058042
1.132738
0.562551
0.470942
0.201476
-0.154143
-0.927696
0.565297
0.998294
-0.249442
-2.877139
-0.841028
-1.731211
-0.144393
1.773717
-1.159440
0.827119
0.466935
0.483600
-0.776756
-0.202171
0.403551
-0.229770
-0.080907
-0.591786
1.308329
0.504458
-0.407869
-0.006107
2.202828
-1.139760
0.217292
-1.056865
-1.317729
0.099873
0.619173
0.088435
0.077175
-0.228303
-0.056611
0.485640
0.745954
-1.915952
0.181862
-0.678777
0.504417
1.402760
-0.004904
-0.246610
0.545769
-1.595843
0.329734
0.793260
-0.727414
-0.468961
-0.614422
0.252601
1.409118
0.329332
-0.322003
-0.725088
-0.905087
-0.029309
-0.155595
1.471818
-0.006939
0.092999
-0.716187
0.394298
0.198827
-1.522782
-0.637373
1.074563
-1.874955
-0.625779
-0.672499
0.799954
-1.301229
0.607541
-1.018702
-0.445379
-2.705926
1.179900
-0.956371
-1.322937
0.029477
-1.301207
-0.950008
0.176199
-0.170602
-1.950415
1.312054
0.113973
-1.296531
-2.381362
-0.476801
0.926943
-0.520907
0.600309
1.689231
0.269006
0.222619
0.408181
1.026529
0.893245
1.195789
-0.095349
-1.079772
0.817905
-2.042510
-0.757965
0.712668
0.030743
2.069887
-0.116327
1.596841
-0.337470
-0.411581
1.119762
-0.513905
-1.749243
2.740752
1.680505
0.926071
0.436141
-1.398462
-0.103771
0.450794
-1.044975
0.824012
-1.722801
0.156800
0.182708
2.003317
0.563957
0.257866
-1.160860
0.250050
-0.276684
-0.162503
-0.871279
0.918623
1.302134
0.496580
2.602466
-0.608851
0.550238
-0.811023
-0.876158
-0.890998
-1.562367
-0.456544
-1.032921
-0.514968
0.017891
0.149267
-0.388351
-1.116467
0.529715
1.271438
-1.163503
0.953955
-0.229540
0.933276
1.394799
0.624699
-0.768255
-0.799341
-0.296335
0.971824
-1.106307
-0.452070
0.908938
-0.041813
-0.371521
1.371323
0.234000
-0.452393
3.066842
0.627113
1.604476
-0.399507
0.016834
-0.494844
0.530734
-0.658894
-0.731922
-0.776492
-0.327335
-1.850273
-0.209291
0.795056
0.518601
0.262381
-0.443830
0.583923
0.068693
0.558986
0.608657
-0.160619
1.213833
-0.470913
0.589322
-0.254543
1.050350
-1.493683
-0.235930
1.129904
-0.238818
-0.821295
-1.102453
-0.754510
0.818364
1.061660
0.545847
1.083366
0.585673
-0.437822
1.105530
-0.681904
0.073201
-0.217965
0.051884
1.090850
-0.060647
-1.432046
-0.167245
1.712598
2.348799
-1.666776
0.807178
0.519324
1.688741
0.580832
-1.275718
0.463187
-1.572878
0.048383
-0.115551
2.202056
0.356825
0.877335
0.550950
-0.261883
-0.672877
-0.142125
0.413184
1.112322
-0.774235
-0.731927
-1.092276
-0.251040
0.973534
0.104406
-0.801689
0.884500
-1.159506
-0.149075
-0.372849
-0.117001
-0.993593
-1.165309
0.053706
1.427592
-1.213799
2.507477
0.455173
-1.121745
-1.807691
0.348557
-2.903130
-0.114996
-0.027609
0.576288
0.164288
-0.672741
-0.470872
-1.206601
1.340995
-0.839368
0.735750
0.597644
1.759471
0.335540
-0.526734
-1.131374
0.752063
1.523557
-1.807851
0.614694
1.109969
-0.769035
-0.091499
0.220454
-1.327661
-0.331887
0.087450
-0.122368
-0.071933
0.400010
-0.163178
1.088120
-1.104770
1.100495
0.333935
-0.132952
0.635002
-0.213323
1.684397
-0.790476
-0.914876
0.745858
-0.463918
1.542745
0.638682
-0.477927
-0.793082
-2.074591
-0.853185
-1.146087
-1.020217
0.220062
-2.632616
-1.152177
0.224101
1.026654
-0.743800
0.102705
0.036459
1.781579
1.549089
-0.786938
-0.532887
-0.183307
-1.991038
-0.375737
3.030446
-0.655263
-1.456439
-1.919633
0.157991
1.723260
1.037573
0.502256
-0.182554
-1.478756
-1.453833
0.259988
0.441706
-1.627726
0.346385
0.235342
-0.447487
0.808734
1.428607
1.487724
0.660978
-0.014137
-0.205206
-0.036654
-0.183235
1.196239
-1.570927
-1.869723
-1.180941
-0.042214
-1.121216
-0.631529
-0.890236
-0.105268
0.767538
0.608327
-0.010808
1.735453
0.780453
-1.237119
-3.332974
-0.281955
-0.376604
0.270645
-1.846477
1.451855
-1.463482
-0.158006
-0.833413
-1.003283
1.439559
0.549395
0.600467
0.013451
0.166816
-0.839698
-0.105735
2.085524
1.370501
0.090836
1.072429
-0.122912
0.481224
0.317338
0.135291
1.067167
-0.134756
0.324209
0.581668
0.977570
-0.573852
1.185526
-0.595056
2.258166
-0.946328
-1.006265
0.857122
0.845074
-1.197014
1.894628
0.086522
1.615496
-0.030267
1.075628
-0.593959
-1.124001
0.544162
-0.153480
0.405669
-2.018781
-1.988990
-0.257856
-0.520641
-1.532950
-0.807221
1.153725
-0.408090
0.071176
-0.122136
-1.115639
-1.563791
-1.380379
-0.377731
0.609500
0.485134
1.077557
1.478311
-1.174819
-0.188219
-0.670773
0.337880
0.977202
-1.817637
0.228004
1.397470
1.714304
-0.283638
2.089239
0.884411
-0.226030
1.237756
0.305122
-1.332460
-0.213216
0.548794
-0.347899
-0.128549
1.012796
-0.854947
-1.354638
0.217688
1.014338
0.113927
-0.705446
0.845931
0.214596
-1.382187
0.935862
-1.379398
-1.217126
-0.247732
-1.982702
0.721387
-0.640213
2.451721
-1.156454
0.122501
-0.234838
-0.004146
-0.612522
-2.694102
-0.482334
-2.049997
0.127812
0.189794
-1.526117
2.304286
-0.332812
-0.667765
-0.119944
-0.506573
0.286350
1.202794
-0.970930
0.377030
0.877797
0.936976
-0.329847
0.574506
-1.097766
0.429064
-0.136995
0.185549
-2.462048
-0.918560
0.043831
0.124973
0.160934
-0.714235
-0.045959
1.081640
0.021125
0.183403
-1.211630
-1.476089
0.755062
-1.578106
0.534984
1.105379
-0.372004
-1.180756
-0.587056
0.138501
-0.123627
0.964893
-1.104793
0.797578
1.488554
1.518686
0.443037
-0.600441
0.781469
0.478235
-1.800885
-0.232970
0.329268
-0.165160
0.817010
-1.160095
-0.638145
-1.261892
-1.415624
-0.259662
-0.262081
0.889295
0.509156
0.402381
0.733675
0.916690
-1.031867
1.844536
2.914061
0.480688
-0.244486
-0.352215
0.051170
-1.215235
1.233479
-0.406671
0.763671
0.315743
1.358007
0.075807
-0.420788
-1.029779
0.129756
0.778211
0.277436
0.257178
2.375569
0.525000
0.800232
-0.624195
1.595251
-0.306000
-0.522925
-0.147414
0.602217
0.015411
-1.825667
0.365320
-0.099210
-0.446963
0.464779
-1.364008
-1.067184
0.165754
1.337831
-0.381791
-0.952138
-1.231925
-0.710960
-0.452017
0.130776
-1.624144
0.899329
-0.013913
-0.750546
0.496222
-0.066063
0.606809
-2.072896
-0.455412
1.375583
0.161189
-1.053311
0.162064
1.141138
-0.210159
-1.024496
-0.090350
-0.346932
0.304436
-0.137525
1.860611
0.871960
0.117857
-0.715488
-1.927158
-1.808570
-0.396364
-0.317040
0.467572
1.423348
-0.898885
1.259151
-0.049690
2.346636
1.099326
-0.076729
-0.581944
-0.011570
0.138543
1.251289
1.688772
1.987764
-0.244254
0.852088
0.034416
0.249582
-0.074299
-0.146768
-0.993121
-0.392393
-0.200639
-0.674847
-0.116482
-0.695730
1.760718
0.631431
-1.501075
0.340201
-1.867333
-0.296494
-0.085264
0.365622
-1.084889
0.975407
0.279518
0.331935
-1.430991
-0.092011
-0.459990
1.207194
1.400528
-0.067718
0.017284
-1.358322
0.791195
0.128795
2.271679
-0.382252
-1.636476
-0.306771
1.000532
-1.892605
1.462485
-0.285946
-0.256775
-1.723639
0.136790
-1.010605
0.693839
3.375797
0.738627
0.265416
0.499058
0.195274
-0.084197
-0.115203
0.626146
-2.015246
-0.801382
-1.189518
0.642646
-0.634540
-1.222752
1.599736
-1.350467
0.738144
1.267853
-1.213547
0.208120
0.358897
0.825829
0.303666
1.415605
0.765650
0.201642
0.553032
0.924493
-0.650774
-1.467620
-0.089178
-1.069393
-0.200077
0.474489
0.489385
-0.001971
1.396702
-0.405750
-0.645228
0.921384
-0.929773
-0.190503
-0.119000
0.293274
-0.079100
-0.443521
0.291785
-0.626076
-0.849833
-0.131411
1.103852
-0.435896
2.095579
-0.321983
-1.110312
-0.149857
0.311357
-2.110949
-0.742760
1.602032
-0.261573
-0.632247
0.520415
0.554214
1.024960
0.200252
-0.061550
-0.990294
-1.629652
-1.392997
1.012971
0.425803
0.066720
0.437523
-1.017184
0.529241
0.103470
0.030265
-1.970441
1.370831
-0.305648
-1.670005
0.103972
-0.632556
-0.894300
-1.324579
1.209283
0.888895
1.034172
-0.058469
0.502701
-0.256572
0.813242
0.775388
0.537515
-0.100766
-0.177656
-2.787568
-1.545639
-1.237462
0.510632
0.457348
-0.909359
-1.966933
0.125054
0.400788
1.463442
-2.591500
-1.257445
1.418428
1.879119
0.670079
-0.297367
1.336616
-0.239639
-1.136624
-1.056743
1.811990
-0.862596
0.419129
-1.147557
0.136238
0.034496
-0.236956
-0.822213
0.908142
-0.342375
-1.485282
0.242432
-0.605808
-0.385241
0.027656
0.851592
1.254909
1.885326
-1.253839
-0.586479
-1.617340
-0.394203
-0.737250
-1.310326
0.164417
0.091482
-0.648844
-0.823925
-0.291365
-1.486978
-0.184350
0.131181
-1.101582
1.277804
-0.323067
1.019979
0.887676
-0.287259
-1.041004
1.098764
0.334061
-1.234830
-0.596564
-2.537922
-0.848524
-1.069670
2.169958
-0.651346
1.020549
0.800336
-0.550536
-0.586397
-0.221062
0.694989
0.145699
-1.232957
0.772593
1.017107
-0.973971
-1.244739
0.942311
-0.294097
-1.025587
-0.106189
1.269965
0.014818
0.445784
0.383466
-1.269805
-0.584598
0.587055
0.630634
0.848217
-1.279112
-0.436921
-0.721176
-0.068226
-1.278093
-1.378731
1.360143
-0.138589
0.928676
2.295490
-0.506654
-0.085566
1.842187
-1.955584
0.459384
-0.421403
0.836138
-0.573764
0.309127
-0.633881
0.431455
-0.110332
0.047512
2.353562
1.383693
-0.025087
0.510431
-0.498373
-0.228226
-0.631125
0.453531
0.499453
0.029554
-0.124340
-0.138310
-0.085032
1.636387
2.619915
-0.784220
0.541321
2.146700
-0.928467
1.046970
0.521079
0.160244
1.086856
-1.425320
-0.768791
0.424295
0.197945
0.819416
-1.822460
-1.191911
-1.583250
-1.716864
0.226495
1.261356
-1.935773
-1.295599
0.068890
0.092236
1.233188
1.902639
-0.237449
-0.578338
-0.150447
0.532697
-0.241058
-0.025700
-0.742380
-0.955433
-0.507958
0.310555
0.212227
-0.812600
0.817557
-1.238543
-0.002778
-1.615500
-0.066065
2.173514
-0.914174
-0.105386
0.842715
-0.197858
-0.578153
1.350279
0.148834
2.387314
1.902620
-0.976534
0.587880
1.516940
0.360662
-0.096839
-0.562495
-1.246921
-1.074387
0.472494
-0.500058
-0.615940
-0.090106
-0.660108
0.021211
1.659997
-0.112000
0.979392
-2.091227
-1.473459
0.490088
0.649073
-0.924564
0.999338
-0.743262
-0.196288
0.574102
-0.057079
-1.154577
1.645331
2.413369
0.436652
-2.048189
0.933311
0.738349
-0.242604
-1.474439
-0.802993
-0.638849
-0.463226
-0.801016
-0.335102
-0.885609
-2.380654
-1.488359
-1.482360
1.248452
0.210540
0.450716
1.306957
0.815317
0.167770
-0.027084
-0.710986
0.437839
-0.123210
-0.861489
-1.578939
1.193593
0.588724
0.469197
-0.096099
-0.226882
0.868282
0.487890
-1.117641
0.498421
1.950910
0.395031
-0.346915
-0.678349
0.952921
1.698059
-0.667163
0.806847
-0.480338
-0.669876
0.312014
-0.993274
-0.002110
0.213341
-2.704631
-0.513041
0.816649
-0.061979
0.132989
1.659550
0.479109
1.260900
0.758841
0.057917
-1.097521
-1.236099
1.459449
-0.413985
-0.460358
0.482788
0.102800
-0.425533
1.643265
-1.864696
-0.553711
-0.933734
0.460306
1.993710
1.861886
-0.262839
-0.469639
1.229186
-1.567549
-0.223625
-0.135262
-0.215231
-1.466438
-0.924590
0.942087
-0.468261
-0.567636
-0.845637
-0.990804
0.244642
-0.234503
0.070854
0.752052
2.241174
-1.703507
-1.060276
2.790520
2.457117
-0.683690
0.518130
-0.939789
1.334736
0.432075
0.621622
0.224941
0.562859
0.281444
0.212552
1.650670
-1.716160
-0.936299
1.658516
-0.095688
0.179973
-1.011712
2.539277
1.268312
0.017508
0.146938
-1.969852
0.901544
0.404554
-0.536097
0.463720
0.835167
-2.195861
0.087143
0.281689
1.000666
0.180216
-0.990613
-0.446350
0.258810
-0.462503
0.494962
1.051439
1.934324
1.118987
0.281409
-1.397339
2.160629
0.435360
2.628222
3.221499
-1.221383
1.387548
1.378864
-0.801298
0.039689
0.360482
-0.967326
0.762701
-1.081704
-0.854495
0.144369
1.047192
0.355020
-1.538739
-0.649965
0.616443
0.392821
-1.399950
1.504939
-0.955140
-0.436392
-0.020962
3.255284
0.133269
0.314276
-0.480934
0.727247
-0.459615
0.864229
-0.134394
-0.935849
-0.960513
1.260425
-0.126146
1.343232
1.805874
0.122509
0.032158
0.585497
-0.205677
-0.520408
0.471110
-2.281427
-1.335522
0.701289
0.378028
1.804189
0.574591
0.153544
1.480122
-0.418383
0.342301
0.644266
-1.137080
1.315928
-0.050046
-0.426109
-0.036923
1.120308
0.894913
0.548599
0.036534
-1.183119
0.459009
-0.931832
1.478733
0.134852
0.611751
0.739898
-0.533305
0.705991
0.062877
-0.910292
-1.014865
0.040644
-1.640623
-0.098071
-0.037727
0.750093
-0.148882
-0.145399
-0.164046
0.843174
1.625854
0.718903
1.002324
0.826944
-0.538786
0.541683
0.932583
0.829804
1.240747
0.900271
1.003127
-0.421127
-0.789331
0.736843
0.007923
0.687232
1.083786
0.247863
0.390234
-1.133961
1.094647
-0.811356
-0.352216
1.556895
0.395031
-1.552926
1.533224
0.179961
-0.142635
0.743326
0.037237
1.311044
0.374053
0.673544
-1.402391
0.119568
-0.979859
-0.396137
-0.125005
-1.270746
-0.529558
1.539266
0.750218
1.050679
0.578153
-0.475079
0.493588
1.960008
-1.894900
-0.225588
-1.006547
0.249974
-0.288478
1.530383
-0.462693
0.701941
-0.064701
-0.391428
0.565616
-0.455774
0.845318
0.527426
0.229681
0.468261
1.432153
-0.610074
-1.355507
-0.443370
-0.864523
0.407993
2.400039
-0.877054
0.284650
-0.264516
-0.135607
0.981450
1.090796
1.256777
-0.376723
0.977983
-1.248863
-1.297880
1.208131
0.409821
0.713320
0.261512
-0.772560
-0.837170
-0.596650
1.662006
1.220900
-0.083514
1.454935
-0.602089
-1.250195
-0.921251
0.723589
-0.570075
0.077877
0.442928
0.079402
1.569723
0.049784
1.598371
1.303994
0.642788
1.714257
2.195263
-1.392887
0.638614
-0.866047
-1.538616
2.070157
0.288164
0.291845
1.919718
0.790418
0.718323
-0.084713
1.332807
0.162788
-0.193788
-0.890357
0.377580
1.432309
-1.139196
0.576591
-0.064102
-1.122170
1.123612
0.062582
0.100625
0.643418
-0.157001
-1.172361
-0.887657
0.965866
0.069684
0.900383
0.334977
2.005420
-1.426985
0.373145
-1.354903
1.510666
0.437158
-0.843793
0.723346
0.075383
-1.274060
0.636209
0.103098
-1.375122
-1.997967
-0.889807
0.855982
-0.965001
1.098561
-0.537445
1.054140
-0.261499
1.615319
1.394424
-2.043214
0.256949
0.575648
-0.884600
0.070411
1.235371
-0.384926
1.815401
-0.145871
0.913805
-2.175778
0.034759
0.433160
-0.952070
-0.002758
1.219513
-0.179254
-0.034998
1.000492
-0.653528
0.063296
0.311289
0.461987
0.138370
0.319335
-0.464911
-0.143568
-0.552601
1.777022
0.855441
-0.224582
-0.616116
0.025732
2.265513
-0.182909
0.576204
-0.382146
0.348371
-0.374586
-1.047560
0.085013
-0.266234
0.581667
1.526171
0.066861
-1.404645
-1.889330
0.361941
0.444072
0.695577
0.583502
-0.945009
-0.225345
-0.569129
-0.135916
-1.883462
1.389232
-0.787402
-1.001101
-1.337869
-0.195157
-0.219716
0.843708
-1.674234
1.213587
-1.019369
0.035860
-1.032118
-0.909662
0.965845
-1.631195
-1.161233
2.303101
0.054375
-2.043579
1.162151
-0.387327
-0.651451
-0.555566
-0.693266
1.242994
0.873044
-0.152748
1.032060
0.053777
-0.947837
1.072303
-0.825911
-0.485729
-0.216979
0.862488
-1.164475
-2.089890
0.277587
-0.359665
0.768035
1.105168
-1.103515
-0.174948
0.974153
-1.262252
-1.158033
0.748599
1.318806
0.246484
0.709087
0.175370
0.432069
0.129969
-2.315564
0.890762
0.762423
1.083902
0.861693
0.393097
-1.276604
-2.037910
-1.125261
1.035934
0.391275
-0.506262
0.720662
-1.742371
-0.196429
-0.277011
-0.283016
-1.872023
-0.012561
-0.103889
0.227496
-0.271601
0.737339
0.073392
-0.712491
-0.061638
1.676775
0.755036
1.244005
1.550379
0.693305
1.340665
0.590582
-2.175979
-1.048297
0.498769
-0.440414
0.731687
0.826525
-0.081047
-1.384745
1.892794
1.113079
-0.155827
1.469269
-0.337749
-0.118081
-1.786516
-0.869031
-0.902762
-0.513039
-0.952120
-0.703777
-1.582329
-0.832205
-0.770175
-2.152069
0.744353
-0.696111
0.122823
0.333084
-1.372803
-0.320826
0.226060
1.250838
-1.313679
0.220070
0.262869
1.180294
0.448002
-0.143511
0.709298
-0.269571
0.421437
-1.389760
-0.436996
0.647798
1.268547
0.268151
-0.329967
-0.011519
0.441277
-0.148686
0.356370
-0.682752
-0.193630
-0.423845
1.215172
0.939469
-0.355546
-1.304968
0.542373
-0.522384
-0.270727
0.770827
0.049141
0.069688
0.467780
1.064504
0.880191
-0.027244
1.737233
-0.990032
-0.448217
0.501335
0.325446
-0.758106
-0.643714
0.172349
0.249326
-1.553486
-0.958997
0.971081
-0.870879
0.857062
0.595236
0.728195
-0.031072
1.332833
-1.225658
-0.045957
0.397090
0.867273
0.531702
-1.405897
-0.086920
-0.432745
-1.684841
-0.893064
0.819252
-0.941988
0.137850
2.633512
-0.651063
-1.651916
0.573023
-2.076228
0.590497
1.005413
-1.144622
-1.169186
0.572277
-0.116404
0.873575
-0.081395
-1.712304
-1.375204
-0.161768
-0.137174
-0.700138
1.150056
1.575287
-0.281943
-1.128773
-0.994098
-0.061129
1.498744
0.528299
1.164645
-1.311908
0.132228
-0.064375
0.854878
0.754299
1.174169
-0.507814
1.854359
0.304250
-0.141921
1.538280
-0.676507
1.277262
-0.914146
0.723494
0.306383
-0.823350
-1.682420
0.372830
1.613541
0.773505
1.014914
0.699080
0.579063
0.231481
-1.203914
0.078623
-2.395748
0.031268
0.387682
2.058050
-1.530927
0.366719
-1.203179
-1.249049
1.320099
0.654837
0.459242
-0.735530
0.001937
-0.233259
1.097506
0.586340
-0.375230
0.291665
-0.441713
0.281183
-0.793868
0.596375
-0.535607
0.388010
-0.214456
-1.444407
-0.494389
2.545371
-0.649659
0.797927
-1.385667
-0.593011
-0.413915
-1.743628
-0.790550
0.010505
-1.183662
0.794238
-0.130386
0.306890
-0.523861
1.704660
1.233415
-0.937940
-0.981402
-1.241946
1.421946
0.244590
-0.639776
-0.361321
0.450165
0.140656
-1.400497
-0.238309
0.672789
0.573446
-0.907097
-1.102157
-0.801974
-0.169645
-0.159172
-0.311489
-0.613872
-2.686741
-0.854883
0.260781
-0.440499
-0.458925
-0.564265
0.834456
-0.960905
-0.852932
-0.784869
0.759448
1.068342
-0.335360
-0.379505
1.701197
-0.128976
1.789513
1.097559
0.476709
0.837670
0.484016
1.465736
0.744758
0.110388
-0.043687
-0.580078
-0.040914
-0.062966
0.357721
-1.033778
-2.205866
2.771786
-0.482430
1.415630
0.474361
0.105209
1.216216
0.339867
-0.117175
-1.880531
-0.260827
-1.708776
0.283068
1.436930
1.008570
0.911229
-0.616657
-0.257109
-1.264760
-0.257506
0.531331
-2.110301
-1.185757
-0.831914
-1.344914
0.739002
0.472530
-1.553198
1.693127
-2.225151
-2.352731
-0.270744
0.247683
-0.276961
-0.248677
0.258758
-0.520208
0.601810
1.190523
1.231226
1.820194
-0.770939
0.834939
1.269944
0.163706
-0.031198
1.070736
-0.787304
0.956687
3.351395
-1.427567
0.856253
-0.645196
-0.056291
2.258155
-1.761852
0.691374
1.227725
-1.824734
-0.015822
-0.832861
0.675700
1.037867
0.737379
-0.696363
-1.488066
-0.641475
1.022866
0.563785
1.519911
-0.178777
-0.761730
-0.557589
-0.834300
0.059609
0.044414
0.681260
-0.474105
0.684976
0.129047
-0.042353
-0.748651
0.606642
2.053987
-0.518228
0.041094
-0.637788
-0.178892
-0.160716
-0.732091
-0.840854
0.850708
0.435698
1.627964
-0.440383
-0.109492
2.010815
-0.571082
-0.148821
-0.200050
2.006483
0.714141
0.904000
0.151230
0.798632
-0.982965
1.055752
-1.515258
2.322145
0.522090
-0.326206
1.103001
-2.153541
-1.806971
-0.797611
-0.166419
-0.663553
2.286653
0.189270
-0.923964
0.691670
-0.887941
-0.383660
-0.018496
-0.451059
-0.329043
0.348753
-0.710834
0.607305
-0.417983
1.182446
0.472163
-1.641350
-0.251797
-0.602605
-0.351941
-0.799898
-0.544870
-1.503264
2.063476
0.800009
0.459720
0.098387
0.573382
0.050319
-1.166100
-0.017624
-0.481567
-1.519007
0.191603
-1.628059
0.405905
0.395159
0.356633
-0.472014
-1.352444
0.032432
-0.042349
0.387611
1.037855
0.848933
1.026747
0.115996
0.950553
1.367283
-1.074173
1.322199
0.165265
0.521568
0.177390
0.582100
-1.133133
0.218832
-1.304981
-1.067131
1.023752
-1.374836
-0.797368
-3.126866
0.559122
0.023568
0.086013
0.232489
0.315797
-0.218087
1.398855
-1.990204
0.850106
0.311979
1.032708
-0.887357
0.277128
-1.730219
-0.977318
-1.147736
-0.788213
0.788816
0.757304
0.008884
-2.099596
0.847367
-0.537107
-1.063708
-0.266506
-1.173132
-0.751068
0.031289
1.357354
-0.775606
-1.575265
-2.121248
-2.446077
0.183021
-1.648936
0.912480
-0.864619
0.284925
-2.870872
0.445986
0.984478
-0.806393
-1.693228
0.711318
-0.620345
-0.866305
-0.353885
-0.928641
0.768161
-0.992751
0.003893
-0.799018
-0.141637
0.746944
0.436779
-1.107707
0.181789
1.433698
-0.741400
0.594152
-1.857558
1.954087
0.676040
1.140217
1.733521
-0.324233
-0.707119
0.463893
-0.024024
0.755927
-0.997579
-1.519795
-2.370845
0.524744
0.535174
2.101751
1.275561
-0.714449
-0.087593
-0.567451
-0.885561
-0.707668
-0.922276
0.102775
-3.046317
0.162582
-1.942957
0.162948
0.760924
0.184825
0.895160
-0.439178
-0.163529
1.353608
-0.319856
-0.288127
-0.985810
-0.063322
-0.739519
1.456592
0.231550
-0.072454
-1.506956
0.627403
1.014002
0.067555
0.424507
-1.287591
0.747733
-0.923949
1.572387
1.658566
0.026871
-0.798977
-0.061133
0.947110
-0.724217
-0.777964
0.301138
0.583908
0.100185
-1.959748
-2.034994
-0.455091
-0.483194
-0.576811
-0.836790
-1.189108
-0.186535
1.089416
0.160133
-0.052958
-1.036771
-0.903826
-2.428969
0.576184
-0.637549
-0.124226
0.775366
-0.590619
-1.261087
0.659983
-0.228962
0.043559
0.069868
-0.316073
-1.491888
0.126171
-1.887371
1.561627
1.090282
-1.158914
-0.902339
0.434079
0.610463
0.078084
-1.241972
0.218361
0.178415
0.264281
0.514508
-0.016974
-1.803326
0.056389
-0.675886
1.432828
-2.415384
-0.321919
0.277883
-2.520256
-0.499410
0.249103
-0.727761
0.260048
-0.050543
2.057419
-1.408914
0.514526
-1.289617
1.166410
-1.091490
0.482474
-0.983814
1.017551
-0.266896
1.264016
-0.585211
-1.295750
-0.199520
0.418383
-1.192438
-3.312695
0.165690
0.780707
0.627566
0.420997
-0.082898
0.864036
-2.277359
-1.734066
-1.345508
-1.593478
0.102170
0.690726
-1.813349
0.685838
2.421367
0.460645
-0.770319
0.781205
0.672907
0.684291
2.748910
1.820299
-1.608544
0.797855
1.717534
-0.963043
-0.420072
0.944503
0.552622
1.389831
1.811854
-0.433770
0.327451
-0.419974
0.400940
1.964685
1.359218
0.802234
-0.835415
-0.477922
-0.381169
1.190510
0.022863
0.763956
-0.524547
-0.962050
1.329117
-1.025995
0.471972
0.122850
1.188174
-0.305427
1.409670
-1.919192
-0.799242
-0.456441
-0.879875
-1.047527
0.132339
0.777510
1.146613
-1.917957
0.451714
1.146532
1.362753
-0.054080
0.013868
1.030989
1.498316
-2.183816
1.170038
0.986114
0.372971
-0.722911
2.776368
-0.271213
1.502351
2.308674
-0.236602
1.985041
1.905804
-0.187674
1.202954
-1.514295
0.964063
-0.118555
-0.896993
-0.467959
1.155960
-0.456169
-0.788465
-0.450150
0.756994
-1.223811
0.346693
-0.055071
-0.345253
-1.993625
-0.110010
-0.673967
-1.668561
0.020061
-2.564297
0.809802
0.049042
-1.114164
0.818235
-0.734396
-0.540092
0.184681
-1.136546
-1.152175
-1.183477
1.200913
-0.744521
0.829641
0.374245
-1.058095
0.720000
-0.395905
0.529450
0.636351
-0.011339
-0.708862
1.627684
-0.115594
-0.272286
-0.709677
-0.438729
0.071418
-1.733958
-1.581014
-0.121231
-0.668017
0.298044
-2.447989
-0.063557
-0.620447
-0.049062
0.148490
-0.251278
0.378321
-0.355695
0.642888
0.603491
0.863988
1.998529
-0.278077
1.783137
0.021485
0.087604
0.943967
-0.917037
-1.530449
-0.099261
-1.052370
-0.367287
-1.756086
-1.103477
0.326296
-1.201583
0.426646
-0.915677
0.461766
-0.589734
-0.636505
-0.715543
0.138523
-0.045161
-0.580491
-0.937834
-0.287497
0.898257
0.071166
0.644207
-0.099836
0.732181
-0.235819
0.558302
-0.408225
1.569986
-0.242424
0.065707
-0.853617
0.540604
0.640033
0.870194
-0.646251
0.295038
-0.111238
-0.482428
-0.799202
1.030972
-1.555368
-1.072661
0.474342
0.468028
1.154083
2.117748
0.298997
0.189121
-0.238495
-0.120287
-0.702843
0.434066
-0.520794
-0.484424
0.442781
-0.515481
0.886017
-2.041275
-1.597823
-0.844240
0.437176
-0.585724
-1.494254
-1.981299
-0.017164
-1.405462
0.571300
1.122486
-0.383051
1.201012
1.609083
-0.859749
-0.068619
-1.086992
-0.169486
-0.058174
-1.670490
-1.525607
2.240168
0.611927
-1.403305
0.579465
0.307465
-0.840677
-0.779627
0.632568
-1.075446
0.923548
1.764009
-0.341006
0.743929
0.095268
-0.580601
1.303365
0.039742
0.935563
-0.143340
-0.112043
-0.440913
-0.477191
-1.158907
-2.022753
-0.461070
-0.173507
-0.872485
0.492114
0.778929
-1.555177
-0.526185
1.826396
-0.757940
-0.431315
0.075085
-1.314298
-0.921533
-0.011419
-0.497315
0.259066
-0.445244
-0.090567
-1.919676
0.913551
-1.941721
0.273907
-0.747904
-0.211681
1.153317
0.348099
-0.229371
-1.814333
-1.413979
-0.939632
0.746045
-1.400957
-0.370635
1.626636
0.604391
0.113571
0.252067
-1.129853
0.840407
-0.416443
-0.510873
-0.966858
-0.874724
0.802581
0.422415
0.750940
-0.661272
-0.009153
-0.955975
0.193856
-1.184812
0.180877
-0.607595
-1.130985
-2.128629
2.043862
-0.523643
-0.047282
1.188195
0.928413
0.991914
0.057421
0.609657
0.489933
0.072303
-0.004269
-0.629089
2.412356
0.593995
-0.392611
-0.718908
0.305014
-1.314743
0.410550
-1.908055
-1.240122
-0.408949
1.459231
-0.132622
0.270667
-0.736260
0.591612
1.507932
1.327250
0.390475
0.240256
-0.146747
0.932376
-0.478335
-1.903863
-0.447961
0.972172
0.779049
-0.608993
0.422814
0.923788
0.273438
-0.944130
-0.856643
-0.106622
-0.272977
1.436087
2.153805
-0.249467
-0.599881
-1.022005
0.218529
-0.058415
-0.906176
-1.463761
-0.424765
-2.005851
0.500328
0.488584
0.000181
0.338445
0.597996
-2.043822
-0.498758
-1.539088
1.331178
-0.295505
-0.854224
0.471052
0.473656
0.839806
0.699262
0.600688
-0.446319
-0.312971
-1.386607
-0.056239
-0.293922
1.079608
-0.393394
-0.979158
-1.150851
0.849250
0.059757
1.123569
0.117326
0.542655
0.580941
-1.512846
0.172497
0.280929
0.253164
-0.117586
-0.125314
-1.482850
-0.224521
-0.209238
1.213077
-0.533443
-0.725435
-0.716302
0.327097
-1.309028
1.961975
-0.568072
0.533613
1.736060
-0.309973
0.801833
0.587223
0.348181
-0.256113
0.773148
0.518764
-2.206850
-0.576374
2.143620
0.477995
-0.862504
-0.665775
0.727745
-0.314325
0.456435
0.437490
0.078890
-0.851708
-0.121775
1.095913
0.620129
0.168449
1.562215
1.889496
1.935239
-1.806092
1.269138
0.792549
-0.812242
-1.169385
-0.809263
-0.086550
0.371736
0.761578
1.705994
-0.958342
0.760123
1.487279
0.305633
-0.656685
0.428589
0.569211
-0.512732
-0.265788
1.421943
-0.547265
-0.518436
-0.892646
-0.877474
0.383407
-0.183106
0.167271
1.249693
1.903597
1.061324
0.592919
1.703410
0.654832
2.129644
-0.072626
0.502155
0.780704
-0.193406
-0.665960
1.003538
0.412675
-0.293377
-0.751182
0.247749
-1.660943
-0.017054
-1.532694
-2.068606
1.033650
0.307626
-1.229500
0.538395
-0.153572
0.061984
0.744321
-0.833215
0.121778
0.254959
-0.874391
-0.348009
0.989137
-0.153767
-0.212774
1.037733
0.141928
-0.837754
0.099713
1.330747
-0.307853
-0.367852
-0.423190
0.784926
-1.760008
1.209134
0.960442
0.102927
-0.219267
-0.002469
-0.873868
2.070010
-0.576549
0.013368
-0.084665
-0.857709
0.056184
-0.823506
0.373072
1.937883
-0.879098
-1.826255
-1.029493
-1.121530
-0.499278
0.093765
0.696676
-0.838104
0.805941
-1.320316
0.384359
-2.106097
-0.468461
0.006447
-1.149637
-1.027686
-1.936130
-0.539048
-1.619845
-0.619204
-0.622745
0.993392
2.085920
-0.335622
0.501021
-1.175465
-1.662272
0.439760
-2.689099
0.476327
0.183014
0.539808
0.119742
-1.554956
0.529141
-0.943742
-1.682667
0.197293
-0.536172
-0.671642
-1.184317
-0.086742
-1.852613
-0.765857
-0.865827
-0.192445
0.387195
0.655348
-0.589776
-0.373690
0.801983
0.792367
-0.489655
-1.209255
-1.165407
0.508499
-0.088274
0.774046
0.634104
-0.232820
0.905439
-0.358030
0.096375
-0.435775
-0.447444
-0.214147
0.761852
0.336497
-0.534742
1.509361
0.327672
-0.437126
-0.436527
1.975925
0.504973
-0.700763
1.930913
0.217443
-0.150464
0.024336
0.708747
1.014550
0.307182
1.271231
0.202335
-0.389674
-1.081681
-0.377821
-0.361356
0.362165
0.261285
0.860225
-0.183915
0.354039
0.160317
0.237566
0.702908
0.504956
1.726640
-0.344841
-0.031573
-2.171034
-0.670924
2.014418
0.818502
1.824354
-0.686683
-0.771723
-0.357378
2.567638
1.804676
-0.504143
-0.847632
0.837591
-0.330366
-0.574038
-0.199171
0.084029
-1.207018
-1.221784
-1.246178
-0.860417
-0.798034
0.190949
-1.088160
-0.163938
-0.018362
-0.580729
-0.142242
-0.794356
-0.852792
0.652213
0.105681
-0.880143
-0.074388
-0.703940
-0.839667
1.037547
1.230946
-0.060025
-1.290121
1.040769
0.830140
-2.644917
1.109431
-0.648077
0.633404
1.352623
-0.336290
-0.080399
-1.063249
-1.119036
-0.118602
-0.458487
-0.069340
-1.002933
-1.199550
-1.181722
0.786270
0.277277
-0.624028
1.243545
0.761681
0.185922
0.315218
0.956912
0.602237
0.203821
-0.411446
-0.459941
-1.907488
-0.401886
0.629334
-0.317087
-0.246316
0.124530
-0.778917
0.180505
-1.306760
0.314606
-0.204814
-0.370876
0.099597
0.462656
-0.596311
-0.121045
0.283088
1.278717
-0.756706
-0.035848
0.078016
1.557040
0.596165
-0.955013
-0.663798
0.589807
0.960421
0.175002
0.441711
-0.626451
-0.255113
0.081777
-0.488000
-0.331704
-2.367999
1.208201
1.635198
-0.672132
0.979804
0.743611
-1.677333
-1.350291
0.878845
1.109872
1.540340
-1.239957
1.100716
0.941856
-0.241657
0.058822
-0.785399
-1.205102
0.547706
0.760653
0.306652
0.215969
-0.364278
-1.152928
-0.026836
0.313227
-0.179895
-0.312569
-1.287123
-1.182863
0.858569
-0.997204
1.234571
0.217342
1.344047
-2.181754
-0.113746
-0.995743
0.824931
1.657981
0.743309
-0.244704
-0.816008
-2.035456
1.889766
1.206679
-0.283363
0.186803
-0.998404
-0.760096
0.293876
1.224196
0.255689
1.679554
0.430016
-0.966627
-0.960676
0.534040
-1.401793
0.242360
-0.819150
1.840347
0.037474
0.296911
-1.892097
-0.817969
-0.884498
0.737763
1.194978
-0.158008
0.302018
-0.126252
-0.044211
-0.582741
-1.018696
0.313909
0.508622
0.720541
0.344364
0.909639
-0.514087
-0.376889
-0.053956
0.007242
0.057709
-1.342604
-0.672770
-0.056981
-1.094086
-1.440090
-0.097510
0.394295
0.654175
-1.487154
-0.294641
-0.185392
-1.043396
0.342099
1.634275
0.089095
0.937842
1.424156
-0.511027
1.952307
-0.911854
0.029100
-1.194408
-0.738953
-0.080369
0.505572
1.606484
-0.562414
1.475529
-0.592550
-0.621274
0.652491
1.508957
0.249755
-1.305627
0.160909
1.526867
0.284446
1.183828
0.090327
-1.322622
0.767971
-0.072781
-1.595380
1.399545
0.384156
0.204701
0.534785
1.590982
1.279058
-0.022223
-0.590597
-1.185871
0.701208
1.062250
0.886290
-0.456164
-0.777890
0.021065
0.480423
0.789811
1.858426
1.085674
-1.098334
-1.088448
0.349832
0.932175
-1.277394
-1.295323
-1.320041
-1.647219
-0.092821
0.117818
-0.630075
-1.494632
0.401417
0.094602
-1.246086
-1.297483
-1.827355
1.047251
1.124629
-0.000557
0.563010
0.008982
0.042774
0.009305
1.005615
-0.385167
-0.523604
0.357164
-0.445277
0.097163
0.836186
0.031429
0.332749
1.097909
1.121178
-2.204197
-0.057680
0.078545
-0.793409
-0.569785
-1.247421
-1.533726
-0.316056
-1.374008
1.473374
-0.678832
-1.319081
0.813667
-1.922459
-0.731182
-0.207511
1.265635
0.596526
0.219658
0.428278
0.757293
0.616679
0.910093
0.445872
-0.638773
-1.435241
-2.898631
-0.304150
0.956130
-0.800908
-0.325851
0.971028
-0.020437
-2.348951
-1.439416
0.180403
-1.561761
0.432780
-0.623089
0.778477
-1.666292
0.112012
-0.286235
-0.093213
0.040521
0.287063
-1.093909
-1.001821
-0.904375
-0.507752
1.464991
0.910195
0.697675
-0.024920
0.159064
-0.709879
0.783167
1.709660
0.459113
0.510831
-1.242862
0.778591
-0.854539
0.129024
0.170073
0.451169
0.520827
0.063792
0.100729
1.504802
-1.304528
0.206585
-0.233452
-1.185241
-0.883764
2.743091
-1.348804
0.611123
-0.076174
1.146351
1.951715
0.511558
-0.006222
0.690697
2.091833
0.027462
0.100739
-1.048818
0.336558
-1.167698
1.333197
0.031408
-0.422238
0.765176
-2.381447
-1.004085
0.531527
-0.535174
1.463774
-0.311220
0.327448
0.298771
-0.047312
1.719472
-0.319876
-1.363305
-0.945328
-0.316704
0.573632
-0.842009
-0.200883
-0.315894
-0.912752
1.398968
0.312009
-1.110742
-0.051857
0.706651
-1.053961
1.356281
0.062104
-0.629924
-1.692787
-0.012662
-3.430557
-0.692478
-1.056161
1.247439
1.660232
-1.686222
-0.524004
-1.541965
0.276893
-0.777463
-1.458192
1.268284
-0.848112
-0.767272
-0.015493
1.168560
0.356129
-0.464598
0.242023
-1.139757
0.799160
-1.451223
0.304928
-1.006107
1.228362
1.202032
-0.497403
0.112370
-2.000637
0.164567
-0.316707
-1.863082
-0.066211
0.009424
-1.076611
-1.407295
0.777284
1.214843
-0.240683
0.629408
1.361884
0.565235
0.114619
-1.454024
-0.203083
0.742660
0.016422
0.457159
-0.074396
0.423699
0.438831
-0.444081
0.092694
-0.274426
0.281217
2.144064
-0.872541
0.396977
-0.370619
0.442030
0.811786
-0.136213
1.345258
-0.073490
-0.219512
0.461485
0.287475
2.826402
1.146677
1.336967
-1.344276
-0.402814
-1.212056
2.874356
-2.110395
-0.443403
1.341668
-1.623017
-0.688663
0.837614
0.323839
1.096952
1.007269
0.838114
0.293389
0.407459
-0.825206
-1.050903
-1.510782
0.386457
-0.015040
0.306725
1.966540
1.573693
0.554265
-0.362392
-1.464626
0.923016
1.756861
-0.697952
0.233610
0.980293
0.262070
0.639312
-1.132582
1.614028
-0.870740
-1.659197
-1.757102
1.736066
-1.709945
1.088743
1.003442
-0.496373
-1.009687
1.855580
1.070905
-0.257302
0.417758
-0.833183
-0.106195
-0.045617
-0.480847
-0.314216
0.268663
0.105974
-0.145613
-0.964550
-0.153436
0.057086
0.256442
0.616707
0.920737
-0.004338
-0.448944
-0.174492
-0.740548
0.054824
-0.701207
-0.539461
1.365955
-0.014990
0.134464
-0.402840
1.775473
0.965420
-1.304094
-1.246035
0.457022
-0.048290
1.807977
-1.878016
0.825955
-0.412874
0.094973
-0.216100
-1.288037
-1.272514
-1.297344
0.276679
-0.947504
-1.110884
-0.195463
-2.171802
-1.203184
-0.704923
-1.526494
1.378043
0.928610
-1.154410
1.600488
0.134395
-0.388073
-0.016476
-0.801274
0.600328
0.149153
0.658368
0.959614
-0.952828
0.602144
-2.245045
-0.340598
-0.146614
-1.423634
-0.559676
-0.551719
-0.903081
1.252965
0.226845
0.032691
1.032795
0.810513
-1.062750
-1.151687
-1.572653
-2.500064
0.679295
-2.289772
0.900874
2.357085
0.514381
0.814435
-0.009011
0.426618
0.817599
-0.022375
-0.909668
-2.280033
0.822458
-0.387713
-0.415960
-0.456937
1.299563
-1.032596
-0.319679
-1.250419
-0.110655
0.397406
0.074618
1.221236
-0.423462
0.260307
0.461864
-0.570107
-0.379003
0.512451
0.273699
0.006872
0.055743
-0.032168
1.896972
-0.198255
0.521687
1.315879
-0.669721
-1.430627
0.222942
0.226061
-0.326136
-0.734014
-0.610412
0.658854
0.837734
0.372197
-0.475246
0.829046
-0.200743
0.253907
0.244349
0.259922
-1.331020
-0.138423
0.855631
-0.096215
-0.055838
-0.375580
-0.116902
1.169259
-0.903514
0.214145
-1.994799
1.712794
-0.980233
-0.369826
1.180956
0.739988
0.120446
-0.036953
-0.176662
1.283917
0.292152
-1.110594
0.202836
0.159590
0.000604
-0.177311
0.026880
-0.067084
0.371331
0.340574
-0.064756
-0.195785
-0.738586
0.364089
-0.459334
-1.432719
-0.883409
0.672965
0.060439
2.976769
-0.213978
-0.742623
0.410788
-0.041865
0.590950
1.314486
0.774460
-0.547016
-0.980234
-0.410239
-1.243792
0.734006
0.932200
-0.622503
0.513809
-0.362728
0.730430
-0.447743
-0.945280
0.004690
0.684680
0.804245
-0.526831
1.327767
0.283960
-0.336526
0.891965
-0.472352
-1.822117
-1.309171
0.090821
0.182486
2.070959
-0.377058
-0.601778
-0.764882
-0.872293
-0.552231
0.603623
-0.238300
-1.128909
0.949548
2.231454
0.391937
0.204819
1.136373
-1.639265
-0.287333
-1.041854
-0.234986
0.450791
-1.191181
-0.210657
-0.130923
-0.970455
-1.125985
-0.002673
-0.385136
-0.085035
-1.215212
0.076474
0.202662
1.356283
-0.750613
-2.053632
-1.740720
0.637904
0.128865
0.126680
0.333287
0.293077
0.800698
-0.618585
-0.463317
-1.232335
0.737073
0.588245
1.838705
-0.857463
0.362034
0.543724
0.282057
-1.354210
0.010116
1.337205
-0.631159
0.274490
-0.057762
1.146467
-0.949684
-0.646504
-2.348865
0.149690
1.569707
0.955747
-0.038577
-0.134581
-0.614920
0.443950
1.333272
0.041119
-0.166075
0.258716
-0.640094
-0.894451
1.626295
1.214684
1.798848
0.516525
0.790134
1.175122
1.399649
-0.097084
1.648141
1.316679
-0.547915
0.757536
-0.267724
0.745944
-1.999948
1.198729
-0.617143
-0.269662
-1.876613
1.646096
-1.476662
0.854174
-1.340345
-0.368393
-0.600697
-0.295842
-0.888830
-0.064878
-0.620906
-0.534464
-0.961082
-0.027834
-0.006486
-0.498863
1.818129
1.139428
-0.800692
-0.464521
0.608582
-0.452613
-1.803657
-0.950454
0.947462
0.373337
-0.590658
0.185014
1.827728
0.521670
0.594640
-0.083858
1.013312
-1.440611
-0.684016
2.757936
1.727446
-0.913236
1.318076
-0.533334
-0.369302
-0.205464
0.779957
0.502665
0.751498
-0.801656
0.746513
-1.293678
0.946022
0.842079
-0.153622
0.151060
1.743685
1.273887
1.591785
-0.627910
-0.831081
0.029523
0.031978
0.302140
-0.760605
-0.901540
1.030095
1.079281
0.417066
0.587346
-1.772978
-0.311037
0.346720
0.212740
0.752656
0.814848
-0.251114
0.736187
-0.807157
1.579437
-0.339665
1.375616
-1.689313
0.322355
0.137055
0.947993
-0.755397
0.138233
2.339434
-0.305450
-0.537474
-0.998270
0.277271
0.059890
-0.481734
-0.317377
0.400883
0.936806
-0.340618
0.106581
1.813207
-1.114156
-1.759140
0.672611
-1.424103
0.597321
-0.715132
-0.039355
-0.106434
0.475593
0.057747
1.240912
-1.209469
0.082753
0.107615
0.147771
-1.151274
0.745641
-0.921176
-0.672305
-0.162652
-0.004184
0.764089
0.606109
1.354046
0.130026
0.325590
-0.037554
-0.429380
-1.096833
0.385273
0.231289
-1.417792
0.534518
-0.682259
-0.426645
-0.431730
0.578197
-0.095274
-0.915941
-1.006127
0.164151
-0.933939
-0.820083
-0.622841
-0.958523
0.036807
1.058370
-1.061903
0.199234
-1.256638
-0.690030
2.653366
-0.202860
3.503929
0.870501
-0.084370
1.282317
-1.173550
0.661273
-0.487480
1.139889
-0.374509
0.669233
-0.408957
-0.655734
-1.349714
3.843583
0.368625
1.010635
-0.551389
-0.894903
-0.717859
0.105473
2.803520
-0.331315
-1.682431
-0.620726
-0.834909
0.128438
0.485632
3.035840
-0.557202
0.499337
-1.477881
-1.019136
0.453803
-0.627695
0.376762
-0.227442
0.402927
-0.174818
-0.923421
0.222959
-0.274004
1.010680
-1.442910
1.007627
-0.251017
1.479684
0.322243
-0.546103
-0.555110
-0.713723
0.568643
-0.882538
0.927888
-0.937411
-0.868364
-0.252522
-0.875744
-0.728753
-0.574174
-0.486127
-0.818891
1.128987
-0.771082
-0.989615
-1.001090
-1.730651
1.200355
-1.570859
0.433932
-0.876069
1.899901
-0.614275
-0.926322
0.247580
-1.039025
0.253913
-0.860330
-0.143716
0.164859
-0.564784
0.122640
-1.300415
-0.117892
-0.134305
-0.719061
0.279568
0.450761
-0.140314
1.266799
0.878865
-0.396719
0.665907
-0.943669
0.986383
0.395426
-0.273051
0.025436
-0.030469
-0.040628
-1.662776
-0.822611
-0.821507
0.031184
0.634720
-0.154821
0.837872
-1.021059
-0.714532
-2.358714
0.741846
-1.556246
0.883219
-1.812036
1.180092
-0.001485
-0.113122
-0.247497
-0.399206
-0.630661
1.836635
1.753911
-2.818429
-0.323124
0.148066
-0.281684
-1.170735
-0.547643
0.588452
-0.574285
-0.871999
-0.552157
1.090766
-0.804292
-0.507123
0.201805
1.026017
1.092936
-1.591722
1.047231
1.067719
0.428673
-0.096041
0.336421
1.616821
-0.125761
-0.107394
-1.482472
0.932161
-0.014247
0.877616
1.539372
-1.414751
0.022892
0.534719
0.690260
0.396412
-0.242499
-1.549111
-0.152551
-0.678486
-0.217532
0.792634
-0.520541
-0.029115
1.099708
1.023992
0.726166
0.808585
-1.559950
1.574763
0.497722
0.679799
0.091435
0.735402
-1.648450
1.209822
-0.563521
-0.113379
-0.909082
0.384281
0.507321
0.114716
0.659016
-0.796398
-0.908637
-0.692755
0.167703
-1.782709
1.375782
-1.261581
-0.025708
1.060453
-1.453029
-2.373611
-1.049407
-0.259765
1.362623
0.925712
0.995033
-2.084773
-0.163003
-0.317916
0.418867
1.979935
0.357915
0.174251
0.665888
-0.681962
0.111991
-0.890000
0.384119
0.074322
-1.073892
-1.165222
-1.475921
-1.407518
-0.197371
0.011078
-1.460487
0.637121
-0.491574
2.071983
0.598848
-0.253559
-0.794730
-0.048957
1.771794
-0.899833
-0.832819
-1.289842
-1.566402
-0.887045
1.566547
-0.318623
0.248071
3.153445
-1.886689
-0.294105
1.994495
0.277215
0.614807
-0.119439
-0.443564
0.404742
-1.059013
-1.053962
-1.714112
1.188187
1.391321
0.641323
0.510242
0.359162
-0.237959
0.085115
-0.467922
-1.498252
0.919828
0.871222
-0.523837
-0.102313
0.098157
-0.502440
0.599760
-2.042473
0.513293
1.366079
-0.423218
-1.032242
-0.598981
-0.540520
0.767397
-0.579631
1.183727
-0.888513
0.260268
-1.505294
0.031740
0.916834
-1.018459
0.500857
0.320944
-0.071257
0.003877
1.014479
-0.722651
0.393727
-1.423565
-0.766367
-0.669350
-0.434868
-0.714374
0.825641
-0.029873
-0.427835
-0.273073
0.013583
-1.515727
0.200677
0.207308
0.053935
-0.361817
-0.127108
-1.604288
-0.060131
-0.659988
-0.694401
-0.351023
-0.267833
0.328259
-1.061597
0.356156
0.735581
-0.217026
-1.686646
0.059319
-0.762037
0.492428
-0.373052
-1.425122
-0.977792
-0.722347
-0.815309
0.339436
-0.223665
1.583586
1.729817
-0.105703
0.344893
0.292501
-0.724596
-0.009943
0.466267
-2.205301
0.061639
1.193569
-0.995713
-0.401891
0.971697
0.629368
-2.694053
1.194819
0.395166
-0.081414
-1.457774
1.297577
2.346631
-0.839860
1.363048
-1.065356
-0.941244
-0.361313
-1.222685
0.492397
0.152676
0.656196
-0.832567
1.068103
-0.278466
-1.221145
-1.310528
0.561086
-0.853200
0.586716
-0.298422
0.010559
0.927877
0.680773
0.520611
1.757795
-0.908000
-0.188136
-1.127610
-0.079322
-0.261553
0.879614
-0.828265
-1.066136
0.585095
-1.971421
1.702522
0.236860
-0.611307
0.756162
1.202436
-3.105717
0.082953
-0.573520
-0.430938
0.965102
-0.843725
1.626318
0.163100
-0.800844
0.567795
-0.601295
-1.373597
-0.600707
-0.340044
0.460984
-1.945508
1.086888
2.364269
0.115882
-0.062290
1.142507
1.518129
-2.124018
0.897375
-1.010250
-1.463140
0.469967
-0.793936
0.059677
-0.518746
0.013106
-0.017890
0.612629
-1.199642
0.796135
0.204621
-1.437307
0.946044
0.582307
1.512598
1.055764
-0.239510
-2.030545
0.560491
-1.091080
0.149147
-0.612594
0.557355
-0.247694
-0.787163
0.735177
-1.654382
-1.158710
1.782165
0.472367
-1.240284
0.308855
0.630177
-0.050098
2.472435
-2.010765
-0.464887
0.518554
2.755692
1.736820
0.587494
-1.081892
-0.154744
0.188941
-0.281804
-0.367640
0.573363
1.417838
1.526626
-0.006805
0.230542
-1.040619
-1.425270
-0.645040
-0.390108
-0.878965
-1.056552
-0.030972
1.818130
1.394327
-0.225231
-1.577656
0.462628
-1.715101
0.406979
0.269586
-0.960576
-0.738651
1.127990
0.059992
0.468845
0.446146
-0.294102
-0.657456
-1.153934
0.666379
0.551920
0.519634
0.446123
0.868776
1.115113
-0.846919
1.459405
0.824506
1.454822
1.277644
0.032950
0.543076
0.723102
0.155058
-0.928553
-0.671566
-0.502602
0.607596
0.225191
-2.660791
-0.851352
-1.269235
0.742360
-1.055887
1.295553
0.308021
0.740697
-2.029996
-0.217732
0.323426
0.072667
0.764119
-2.038845
-0.443709
1.898360
0.343181
-2.567045
-2.514897
-1.213600
-0.722128
-1.145621
1.536844
0.672115
-0.167579
0.112024
0.724976
-2.569447
-0.719121
0.578068
-0.661915
-0.711708
-0.985984
0.256727
0.336540
0.547498
-0.403449
0.123269
-0.782678
0.029286
-2.728699
-0.509970
1.042090
-0.883831
1.166559
1.130407
0.821808
0.430333
0.654979
0.810059
0.341133
-0.237387
-0.891799
-1.883445
-0.101034
-0.685445
-0.644426
-0.811526
1.518281
1.877733
-0.649814
-0.966619
-0.120908
2.116782
0.001921
-0.951100
-0.064143
1.415523
0.159449
1.897140
-0.832152
-1.208430
0.267313
-0.306103
-0.509480
-0.450714
0.556060
-0.841520
0.036500
-0.740517
-0.814127
0.020275
0.604032
-0.090862
0.655540
1.593957
0.976440
0.437559
2.284054
-0.027376
0.199997
-0.412626
1.490587
0.017386
-0.320979
0.172457
-1.178249
-0.000116
0.951618
0.236106
1.181182
0.345319
-0.886099
0.427451
1.194807
-0.740265
0.595855
1.565800
-0.282156
-2.234787
-0.105375
0.819771
1.364803
-1.066545
-1.140895
-0.858981
-0.606004
-0.270837
-1.401355
-1.081822
1.576745
-0.742501
2.107551
-0.464841
1.485930
1.603473
-1.134555
0.748431
0.847148
-0.400667
-0.266934
1.426176
-0.110153
-1.615695
-0.985782
-0.146184
-0.541320
-0.528319
0.351512
-1.615326
-0.648775
0.615678
-0.038304
0.053480
1.529600
0.019054
2.197669
0.962212
0.620060
-0.914357
-1.396362
1.672809
-0.006241
-1.343691
-0.554653
1.515664
-0.218381
1.142576
-0.686671
0.570957
-0.108839
-1.021083
0.655409
0.249535
1.223831
-0.944050
0.555707
0.826618
-0.765463
-0.919349
-0.219336
0.104353
0.899726
-0.519949
0.078600
-0.863342
0.637993
1.454989
0.420255
2.358838
-0.533476
1.638102
-1.725843
-0.598467
-0.776139
-1.058397
-1.087553
-2.358655
0.636071
0.937070
1.401414
0.242598
0.889992
0.961671
0.494500
-1.611166
1.009237
0.884807
-0.768884
0.765094
1.336604
-1.336657
-0.450306
-0.688729
0.342943
0.358041
-0.540392
0.660389
-0.930622
0.265802
-1.332820
0.795536
-0.726661
0.206998
0.626645
1.048573
1.765993
0.224736
-0.266846
-1.045109
-0.225844
-0.890804
-0.872519
1.097658
-1.890564
-2.803078
1.112284
-0.610171
0.529816
-1.391248
0.742132
2.184204
-1.040296
-0.089341
0.357510
-0.928663
1.116936
-0.344868
0.250573
-1.024618
0.881241
-0.229245
0.091107
-0.768764
0.403513
0.514227
0.721483
0.556300
-0.983398
0.535954
1.098464
0.264099
-0.478583
-1.109284
0.617745
0.224809
-0.878905
0.400753
-0.750157
-1.625797
-0.597749
0.779006
0.561742
0.326945
-1.601492
0.888861
-0.377057
0.614243
-0.585518
-0.376756
0.686130
2.532850
1.032273
0.376937
0.226963
0.108017
0.096389
-0.474799
-1.920806
1.669420
0.965032
-0.918814
-0.644325
0.614289
-0.187339
0.235488
-0.462541
1.315637
2.432537
2.464707
-0.547414
1.125179
-0.248751
0.300868
0.846200
0.064052
-0.797133
0.649383
0.523949
0.029573
-0.441717
0.767886
1.124034
1.070300
0.751957
0.201047
3.359876
0.450693
0.370163
0.039388
0.065031
0.986748
-1.352180
-2.185956
0.515593
-0.352954
0.347811
-0.482237
1.054682
-0.784556
0.177439
-0.277815
-0.421627
0.555140
-0.423494
-1.850564
-0.789973
0.986961
-1.090668
-0.398982
0.980903
-0.859974
-0.604091
1.348420
0.378705
-0.842171
-1.821917
-0.642192
1.383952
0.681425
0.031468
-1.038688
-1.386009
-0.138496
0.154780
-1.435261
1.249836
1.016409
1.861471
0.329383
-0.370640
-1.009252
