0.450761
1.537464
-1.893736
0.722815
0.267241
-1.096319
-0.363508
0.287244
3.000000
2.321797
-1.131697
2.544371
0.608153
-0.052863
0.599215
-0.171836
-0.104078
1.248909
1.181284
1.188123
0.562959
-1.012314
0.601307
1.366731
0.409871
0.867450
0.609394
-0.254394
0.246371
-0.660030
0.744799
-0.961663
-0.896103
-0.678655
-2.468383
1.205887
0.272628
-0.632905
1.148809
-1.434874
-0.085716
-0.202421
0.267612
0.262289
-0.725084
-0.025194
-0.138229
0.526247
0.916555
0.929975
-0.724056
0.064855
-1.017872
-0.933519
-0.005742
1.284902
-0.645260
0.311351
-0.189122
0.936751
-0.913033
0.027295
0.463219
0.922712
1.294612
0.072042
-1.250496
-0.622319
-0.889992
1.970539
-0.516099
0.627161
-0.161317
0.744979
-0.641222
-1.175612
-1.192469
0.409284
-0.148705
-0.164364
1.189899
0.244454
0.165838
1.331070
-0.674435
0.584025
0.700108
-0.204322
0.180810
-0.977402
-0.962403
0.087923
0.605512
2.167583
-0.559097
0.157052
-0.069160
-1.620577
-0.368014
-1.504595
0.704541
-0.744494
0.083914
-0.456514
0.254461
-0.503292
0.410769
0.619856
1.435185
-0.162746
-1.792721
-0.703881
1.135643
-0.898857
0.805629
0.103999
1.204475
-1.643948
-0.165743
-1.012614
2.437970
0.691834
1.156081
-0.887140
-0.392871
-0.228429
0.920880
-0.232958
0.588147
-1.720169
-0.296655
-0.690465
-1.322148
0.425868
0.236405
0.028068
-1.118108
0.945249
0.293578
-0.250726
0.019190
-0.219648
-1.467315
-0.239480
-0.696988
-0.820932
-0.969486
-0.447315
-1.678938
0.808375
0.436000
-0.016791
-0.029151
-0.669152
0.854029
-0.111685
-0.599037
1.132953
-0.188440
-0.493821
-0.246273
-0.710871
-0.939076
2.117708
1.387910
0.257826
-1.053923
-0.725577
-0.148000
0.663495
-1.116705
-1.953277
-1.214871
0.279604
0.328097
0.378672
-0.109226
0.153998
-0.399190
0.722688
-1.141596
0.381481
-0.711528
-0.280757
0.463434
0.871136
-0.936988
1.056891
0.553440
-0.056896
-0.163666
-0.182433
-0.254115
0.019321
0.043000
0.692541
1.280163
0.391444
-0.175816
0.524137
0.153611
-0.863320
0.795794
0.257430
0.113326
0.431964
0.219154
-0.789308
-0.136098
-0.122447
-0.446019
1.410215
-0.734180
-0.405613
-0.596919
-0.984418
-0.161167
-0.229771
1.282758
-0.208773
-0.892198
1.344281
1.035111
-0.192511
-1.262710
-0.372760
-0.130735
0.231446
-0.218950
0.371749
0.328550
-1.048524
-0.794737
-0.621317
-0.425736
-0.268759
0.010454
-2.539554
-0.383145
1.041624
-0.894284
0.782804
0.293697
-0.024317
0.152961
-1.312087
-0.070875
1.344691
0.082451
0.034686
-0.615501
-0.025833
0.194791
0.357468
-0.312550
-0.198235
1.696590
-1.893323
1.869088
0.283001
0.838415
-1.395176
-0.494664
-0.233119
0.354390
-1.400237
0.395401
-1.016808
0.055491
0.546912
0.274195
0.907641
0.843459
-0.545698
0.215507
-0.791733
-1.108140
0.775341
0.000042
-0.046042
0.763857
0.498478
0.293596
1.048166
0.779502
0.201009
-0.578774
-0.546239
0.999416
-1.351301
-0.020508
-1.633844
0.855549
0.722432
0.000974
-0.059387
-2.084412
0.487234
-1.838059
-1.944402
0.067014
-0.795173
0.344979
0.567554
0.719092
-0.579443
0.376742
0.084367
0.692548
0.449495
0.752758
-0.110612
-0.123408
0.844881
-1.780397
-0.423027
-1.065221
-0.320745
0.543829
0.692260
-0.850892
-0.394928
0.114877
-0.244688
0.253034
0.335288
-0.779647
-0.148248
-1.787472
0.960230
-0.527407
-1.009265
-0.212898
-1.197726
-0.017486
-0.470041
1.825772
0.954449
-2.093300
0.369993
-1.172149
-0.213829
0.137830
0.626873
-0.228913
1.321514
-0.403201
0.274574
0.557289
0.071419
0.738559
0.270970
-0.657400
-1.513560
1.558178
-0.506816
0.086653
0.472139
0.095236
-0.758490
-0.392115
-0.104703
1.239906
-0.721677
0.657838
0.258739
-0.196060
-0.886128
-0.238214
-0.072678
-1.231888
0.161119
-0.689381
-0.079008
0.281869
-0.758430
-0.241664
0.293480
-1.539119
0.868525
2.032582
0.804327
-0.264732
0.359342
-0.868533
1.574335
0.788653
0.660083
-0.734302
0.268234
-0.468054
-0.261091
-0.477876
-0.859938
-0.761860
-0.175970
-1.424267
0.509391
-0.098758
0.586151
0.226064
0.414393
-1.243396
-0.855353
-0.374745
0.091934
0.946292
-0.243095
1.057639
0.398579
0.984337
0.106428
-0.550651
-1.241952
0.130356
0.686244
-0.245295
-0.453376
-0.258754
-0.919345
-0.413322
-0.151525
0.038432
-0.053473
0.512522
0.091648
1.520806
0.261590
1.512823
-0.606239
0.441438
-0.218185
0.503138
0.497930
-1.832682
-1.112546
-1.208094
0.336892
1.232564
-0.273989
0.681023
0.457361
-0.881651
0.333222
-0.630362
1.271184
-0.027303
1.371564
-0.356354
0.494160
-0.052642
-1.695138
-0.823384
0.513508
-0.046015
-0.937905
-0.525133
0.209187
-0.832512
0.817363
-0.537148
1.516486
-0.905321
0.166993
-1.275174
-0.606666
-0.497360
0.336466
0.789851
0.251917
-0.312769
0.683676
0.669758
0.100776
0.478914
0.346073
-0.827434
0.636795
-0.550974
-0.506304
0.148346
-0.257800
-0.110513
0.499127
0.877627
-0.165961
0.274714
-0.199783
0.192486
0.368879
-0.517158
0.230413
0.503942
0.077388
1.450237
-0.510193
-0.617925
-1.467036
0.763316
0.726931
-0.066979
0.753250
0.154010
0.243788
0.094689
0.368840
0.085230
2.336802
-0.978090
-1.554578
-0.956306
-0.916620
-0.363523
-0.141239
-0.183211
0.453835
0.326347
0.629804
1.490826
1.025372
-1.075836
-1.952512
0.756147
-1.538934
0.055967
0.029745
1.867178
-0.058027
-0.425322
0.197694
0.206074
0.058723
-0.510212
-1.024979
0.265343
-1.125814
-0.865346
1.116044
-0.351193
-0.117641
0.754379
-0.251602
0.862983
-0.289291
0.849097
0.527612
-0.178584
-0.725770
-0.874505
-0.226416
-0.367322
-0.342618
0.824569
-0.249579
0.958819
-0.445691
0.815364
-0.437836
0.148037
0.813832
-0.347060
-0.367430
1.679571
0.797279
-0.362177
0.544049
-0.301875
0.591789
1.186997
-1.345169
0.862554
1.222308
0.039798
1.463999
0.130271
-1.037157
-1.838947
-0.279517
0.598209
0.266103
0.346756
-0.483808
0.120726
-1.373799
-0.637232
-0.686447
0.435722
-0.011871
-0.968754
-0.007985
-0.578312
-0.558937
0.724472
0.095087
0.333973
0.741089
0.151122
0.461817
0.572573
0.981396
0.398944
1.183965
0.018954
-0.040132
1.426338
-0.427324
-0.002393
0.771184
0.125594
1.177846
0.866971
0.244442
-0.651995
0.475098
-1.159140
0.204959
0.677766
0.178607
0.737490
1.709321
0.774592
0.223774
0.537946
0.356712
-1.102217
-0.349104
1.026734
-0.036539
0.488283
-0.843814
0.054089
0.503263
-1.141445
0.291409
-0.152451
-0.787672
-0.031466
-1.589794
-1.784020
-0.986690
-0.830427
-0.983428
-1.446537
0.241640
-1.336507
0.092404
0.659849
-0.001867
0.078059
-0.317033
-1.243023
-0.036736
0.805521
1.457282
-0.360670
-1.364289
0.139460
0.315448
-0.190267
-0.963207
1.697128
-1.978140
-0.427542
-1.108004
-0.533307
0.266475
0.115734
-0.595855
0.651412
0.521793
0.542741
-0.356834
0.879093
0.553913
2.103265
0.891567
0.969922
0.044416
-1.080137
-0.311219
-0.635306
-0.472811
0.465408
-0.466783
-0.750431
-0.343166
-0.134882
0.343171
-0.798656
0.266028
0.065409
1.110317
-0.178715
-0.112742
-0.982023
-1.161355
0.260319
-0.209163
0.422321
-0.748375
1.600028
0.102474
0.877795
-0.190242
-0.136236
0.578515
0.465927
-0.939182
-1.284955
-0.920413
-1.186934
0.049942
-0.344778
-0.308527
-1.140983
0.653561
0.368387
-0.075136
0.856121
-0.732713
0.347670
0.292121
0.292802
-0.611375
0.274011
-0.431658
-0.751548
-1.008777
0.870068
-0.709209
-0.144965
-1.013291
-0.249100
-2.709625
-0.911268
-1.195873
-0.850479
-0.178796
-0.272760
1.630114
-0.479354
-0.209618
-1.315658
-0.400221
-1.121712
0.025402
0.715197
0.338912
-0.587375
-1.366989
1.224023
1.718683
0.101023
-0.829898
1.004169
-0.496862
-0.393871
0.743107
-1.161319
-1.640473
0.352686
0.335964
0.079764
0.416402
0.907312
0.813589
-0.476668
0.679052
0.145244
-0.423829
-1.000425
0.542397
-0.296465
0.038929
-0.664779
-1.299896
0.143852
-0.052095
1.005222
0.672120
0.883053
-0.627831
-0.784983
-1.063957
0.417489
2.338266
0.609970
-0.648109
0.701404
-0.945952
-1.194225
0.601478
-0.652168
0.264911
1.179189
0.336289
0.779394
-1.346247
0.554608
1.792844
0.453672
-1.291816
-0.170308
-0.419153
0.321114
0.345436
0.339950
-0.304981
-0.502408
-0.494290
0.715578
-1.553496
-0.173796
0.226675
-0.547260
0.400090
-0.059792
-0.786638
0.135281
-0.224835
-0.343623
-0.596348
0.051514
-1.547729
-0.333948
-0.455691
-0.764503
0.547199
-0.615587
0.453247
0.818110
-0.131515
0.232897
0.536148
-0.067889
0.453446
-1.058489
0.930940
-0.829614
-1.533231
1.160714
-0.052588
0.376359
-0.304543
-0.855621
-2.576284
0.525050
-0.240346
-0.165445
0.340045
-1.189931
-0.611541
0.961879
0.501228
-1.074180
-1.847138
-0.478912
0.179407
0.790055
0.078576
-0.940906
0.256672
-0.982844
-0.805640
-0.548068
-1.030680
-0.227167
-0.754486
-0.239509
-0.387678
-0.343549
-0.422149
1.033952
0.511658
0.049524
-1.229836
-1.363015
-1.647178
2.184103
0.815204
0.215444
-0.816768
-0.961071
0.459121
1.312110
-1.419639
-0.376759
-0.070667
-1.670019
0.705270
-0.347635
1.603104
-0.327716
0.343044
-0.957771
-0.523863
-0.979815
0.329121
1.091416
-0.497688
0.365842
-0.422839
0.085603
1.002894
0.100841
-0.869252
-0.718565
-0.142417
-0.160688
-0.725869
0.151462
1.061812
-0.210571
-0.171504
-1.845677
-0.649324
-1.168070
-0.323805
0.440633
1.277054
1.507793
-0.097992
-0.268441
0.685376
0.410932
0.641559
0.652481
-1.241035
0.453022
-0.076743
-0.637368
-0.581486
1.074328
-0.678855
-1.036904
0.179985
1.685759
0.021424
0.258467
-0.786593
1.403603
0.104786
0.444418
-0.798180
0.715999
0.326246
-0.969150
0.033317
-0.377766
0.091590
-0.210055
-0.159207
-0.865958
-0.271036
0.642629
1.462672
-0.972938
1.993137
1.279409
0.141271
-0.252521
-0.585727
0.698165
-0.582332
-0.387226
0.740793
0.365480
0.751801
0.423149
-0.336098
-0.430792
0.667646
-0.562702
0.994852
0.662896
0.241215
0.002705
0.306520
2.956641
-0.094263
-1.304993
1.605553
0.511273
-0.543186
2.194280
0.461897
0.246650
-0.652116
-0.892799
-1.482575
-0.354561
-0.882883
0.543055
-0.266288
1.483059
1.266418
0.137500
-0.237059
0.965935
-0.961191
0.564805
-0.560960
-0.335616
-0.563215
0.482587
-0.652326
-0.891652
0.463597
-0.354988
0.303142
-0.295011
0.225973
-2.149943
0.390564
1.553959
0.871303
0.763663
-0.200982
0.151742
0.204770
0.080812
-0.696235
-0.295316
-0.146525
