1.273561
0.532094
0.702581
-0.592008
0.118731
-1.011009
0.216040
1.028789
-0.991598
-0.188149
-1.320562
0.546103
1.108661
1.029956
-0.923861
-0.638658
-0.092019
-0.355904
-0.475191
-2.273956
0.573482
-0.211154
0.624540
0.238272
-2.682902
-0.271406
0.708060
0.941425
-0.285733
0.468851
0.214360
0.830372
1.768702
-0.820969
1.891502
0.193177
-0.719725
-0.729907
0.106079
0.124323
0.370125
0.744920
0.325702
-0.922820
-0.621656
-0.683563
-0.531846
0.319901
0.306897
-0.204953
-0.899694
-0.293507
0.537786
-0.116742
1.297375
-0.737162
0.264980
1.037090
-0.774878
-0.050527
-1.094174
-0.838685
-1.303633
-0.841968
0.331141
-0.216314
0.525169
0.925729
0.326570
0.698509
0.680044
2.123337
0.682046
-1.343907
0.266411
0.601165
0.849090
0.736032
-0.443081
0.024943
0.310932
0.194324
1.827603
-1.445257
0.770746
1.068662
-0.531978
0.446458
-0.080168
-0.930852
0.090680
1.502559
-0.359529
0.565234
-1.010038
-0.830178
-1.116061
-1.292281
-0.848972
-0.810347
-0.398185
-1.480405
-0.456544
-0.698002
-0.714948
-0.285388
1.055461
-0.004322
0.379238
1.428125
0.616651
0.116544
0.978222
2.008541
-0.465652
0.764166
-0.733199
-1.124546
-0.610171
-0.066414
-1.767015
-1.439922
-0.051402
0.540953
0.707491
0.393931
-0.161958
0.477408
2.245417
1.780601
-0.053487
1.274039
-0.558986
0.315982
0.130088
0.687534
-1.094347
0.562295
0.151889
0.296127
-0.926514
-0.354511
-1.390873
-0.661021
-0.873630
-0.314924
0.152443
0.763793
-0.962950
0.264478
0.978644
0.865898
-1.436186
0.659360
-0.152016
1.244293
0.837062
-0.314220
0.242680
0.460146
-2.216888
-0.553045
-0.356196
-1.031128
-2.010789
0.756658
-0.552863
1.055814
-0.863128
0.858521
0.633624
0.504321
-0.934969
-0.160617
-0.423294
-0.864611
-0.400853
-1.460260
-0.141772
-0.177859
-0.748848
0.574074
-0.944518
-0.223549
0.472812
0.192060
-2.159420
-0.695751
-0.365795
-0.498399
-1.218674
-0.038837
-0.150992
1.152584
0.101081
0.635457
-0.117454
-1.644274
-1.327046
-0.676822
-0.390679
0.519144
-0.751630
-0.566383
0.230457
-0.506262
-1.106490
-0.499048
-0.612753
0.622561
0.199909
0.491743
-0.414114
1.906613
0.098272
-0.828527
-1.192228
0.088858
-0.366278
-1.217707
-0.423183
-1.466419
0.614682
1.750781
0.666764
-0.291099
1.224691
0.262143
-1.998743
-0.130272
0.070889
0.506414
-0.147970
1.057205
-1.196542
2.215118
1.217989
-0.222279
0.259429
-0.786055
-0.838371
0.068596
0.887830
0.833945
1.919933
-0.293492
-0.200878
-2.462902
-0.277923
0.131606
0.033987
-0.583363
-1.159622
-0.370219
1.982125
-0.836832
0.002400
-1.042719
1.048943
0.708376
0.144427
-0.042820
1.332086
0.520423
-0.003181
0.123100
1.386228
0.445722
0.242173
0.512138
-0.088805
-0.889234
0.331120
-1.461275
-0.625248
0.952934
-0.625636
0.243302
-0.193902
0.249917
0.381554
-0.451203
-1.913689
0.919796
-0.502542
0.256535
0.873329
-0.974965
1.131484
0.667599
0.110233
-0.323177
1.085571
0.401536
0.479497
2.425596
0.499585
1.059740
-0.045653
1.623377
-0.085658
-0.896233
-0.014991
-1.545717
1.132770
-1.066620
0.253690
0.823594
0.434831
0.336473
-0.778671
-0.049586
0.838052
-0.687790
-1.113046
-0.629319
0.769631
-0.247313
0.200750
-1.571647
-0.695942
-0.630052
-1.140277
1.057444
0.936677
-1.411659
0.225067
-0.869714
-0.149294
0.041145
1.539869
0.333668
-0.591295
0.748862
0.789051
0.124580
2.019674
-0.150214
-0.413483
0.491980
-1.173040
-0.370677
-0.486471
1.230838
0.636689
0.547264
0.828517
0.810122
0.029470
-1.275323
-1.514023
0.034031
1.498352
0.748517
0.943667
1.615768
-0.436970
-0.570737
0.992529
-0.645852
1.981653
0.802217
-0.572360
-0.336430
0.470076
0.642139
1.052433
0.306224
-0.914010
0.083900
-1.383726
0.519024
0.515281
0.132121
-0.833839
1.146772
0.889862
-0.641204
-1.201864
0.904559
0.548112
0.032359
0.230005
0.627964
-0.388382
1.399676
0.312243
-0.690406
-0.444473
1.355200
-0.585354
-0.955226
1.040112
0.287568
1.984812
-0.241315
0.574723
-0.017447
0.389351
-1.431948
0.224871
0.687365
-0.005163
-0.323988
0.023333
-1.881883
1.118604
0.308182
0.495942
0.589717
0.258343
1.277575
-1.007870
-0.067274
0.976513
-0.013105
0.579110
-1.459085
0.314132
0.975877
-2.017772
-0.212255
-1.128785
-0.927942
0.533992
0.982037
-0.188671
-0.467685
1.623360
-0.077577
0.342832
-0.313391
0.456973
-1.100858
0.019424
-0.797795
-0.172603
0.621075
1.764854
-0.407173
0.480325
-0.411689
0.080568
2.506394
0.163331
-0.537694
0.902746
0.833018
-1.370642
-0.576552
-0.403546
-0.228488
0.094496
-0.504742
0.390419
0.424030
-0.758939
0.338606
-1.010504
0.743013
-0.192621
0.648557
-0.894859
0.704259
-0.248846
-0.065431
-0.244753
0.604615
1.623787
0.807154
0.026527
-0.673374
0.075705
-0.898599
-0.078686
0.848565
-0.078814
1.074384
-0.448721
0.394117
0.297285
-1.261168
-0.470081
0.905173
-1.024855
-0.138037
-0.877548
-0.882279
-0.829991
0.741436
0.005913
0.336997
-0.500088
-0.112267
0.753898
-1.159685
-0.683225
0.919277
1.526243
-0.777511
0.395679
-1.123116
0.592420
0.119914
-0.913164
0.458448
1.138990
-0.141962
-0.809436
-1.007000
-1.118617
0.358906
0.305706
-0.705801
0.679186
-0.959817
1.339731
-1.916539
-0.246600
0.678538
0.011057
0.044200
-0.458046
1.770191
-0.414643
0.628717
1.091030
-0.306036
1.304857
0.399849
-1.340127
-0.424498
-0.130801
0.574605
0.641966
0.627875
-1.303374
-1.374310
1.211960
0.741713
0.371272
1.392719
1.663626
-0.695640
0.037744
0.388281
0.108418
0.182675
0.174883
0.978721
-2.475893
-0.005307
-0.225576
-0.422182
0.129715
0.481187
-0.256658
0.016334
-1.486151
-1.003689
-0.336257
-0.153469
-0.961072
-1.063457
0.552080
0.121446
1.240236
0.491570
-1.049938
-1.998364
0.125416
-0.204596
0.499515
0.823254
-0.180314
0.134019
-0.649757
1.082056
0.046735
-0.479726
-0.412048
1.637796
0.457540
0.378708
0.303486
0.409235
0.425380
0.005743
1.541703
-0.215664
-0.759721
-0.371783
1.065548
0.703949
1.055636
-0.192897
0.135955
-1.634226
0.851739
-0.096818
0.050476
0.912898
-0.246238
0.388077
-0.646596
-0.479050
0.487899
-0.190752
-1.410248
-0.484478
2.620719
0.443910
0.193748
-0.368417
-1.638857
0.122139
-2.773354
-0.831729
-1.310691
-0.192123
0.967053
0.464738
-0.399629
-1.465092
-0.480247
-1.067901
0.386853
-0.527493
1.276122
-0.105726
-1.368102
0.071371
0.646164
-0.446713
0.556423
0.305626
0.346288
-0.294137
-0.114975
-0.120940
-0.115726
-1.311242
-0.016453
-1.072277
0.115247
-1.050667
1.227501
0.739487
-0.485674
1.859685
1.026268
0.768691
-1.867015
-1.140119
-0.632574
-0.295168
-1.181370
0.590059
-0.470829
-0.148957
-0.494099
-0.079499
1.235981
-1.648784
-0.866032
-0.424173
0.499678
-0.921536
-0.472692
0.633658
-1.106053
0.943626
0.308215
0.513344
-0.013411
-0.898448
-1.440763
0.138157
0.644533
0.652320
-0.077505
1.484547
0.166662
-0.362986
0.094779
-0.554831
0.619288
1.402234
0.936850
0.223620
-1.225734
-0.573477
0.363039
-0.068997
1.245219
0.595261
-1.291389
0.570148
0.602245
1.576930
0.076857
0.236909
-1.419038
-0.414647
-1.345303
-0.133278
-0.702107
-1.160226
-0.004040
-0.757254
1.141945
2.006299
0.137509
0.254244
-1.763965
1.348767
-0.561906
0.352099
-0.181318
0.309461
-0.077817
0.117720
-0.958441
0.119524
-1.340638
-0.097791
0.164466
-0.250808
0.293389
0.797153
-1.435782
-1.310905
-0.558258
0.385705
0.311390
-0.320071
0.522525
1.872439
-0.971946
-0.762105
-1.648356
0.120349
0.715904
-0.334627
0.981854
-0.208577
0.219515
0.913248
0.529558
0.284351
1.284888
-0.823331
-0.418618
0.266801
-0.321603
-0.507890
0.648879
-0.457249
0.355849
-0.165170
-0.392546
0.411868
0.262205
-1.777802
-0.305403
-0.971553
0.100789
-0.646252
-0.012754
1.129151
1.532841
0.719284
-1.439495
1.321568
0.968363
0.228283
2.189230
-0.415199
1.615647
-0.996671
-0.357804
-1.056170
0.506771
0.327819
-0.586580
-1.267319
-2.429856
-0.858967
-1.292142
0.595466
0.970485
-1.803433
-1.573947
-0.431409
0.853307
1.128809
1.324518
-0.357046
-0.592341
-0.931148
0.496246
0.688887
-1.378267
-0.125948
-0.478572
0.542390
1.030350
1.080452
0.439104
-0.377157
-0.430245
-1.057774
1.048778
-0.809189
-1.754053
-0.744925
1.307028
0.227736
-0.330355
0.184020
0.349884
0.394477
-0.162388
2.057677
0.953196
-2.231091
-0.856979
-0.029266
0.447830
-0.256487
-0.041312
-0.292665
-1.185707
1.918367
-0.176656
2.093918
-0.801858
-0.231657
-1.178929
-0.770679
0.812504
0.680750
-0.788575
0.135976
-0.396683
0.745496
-0.692964
1.401354
-1.396468
0.261887
-1.362846
-0.653627
-0.968847
1.395086
-0.146390
0.293481
-1.298788
-0.864780
0.313078
-0.092883
0.595059
1.042258
-0.828133
-0.874193
0.410827
-0.108824
0.011618
-0.797665
-0.854431
0.402448
1.405290
-0.312122
0.998176
1.233758
0.965595
1.365901
0.323169
-1.454017
-0.742004
-0.139218
-1.307833
-0.472174
1.148174
-0.703005
0.182833
0.253364
1.662092
-0.226828
0.581304
-1.109128
-0.790079
0.294137
0.472307
-0.425302
0.247465
-0.605958
0.517251
-0.632634
0.226356
0.317433
1.290657
-0.999332
0.192542
-1.555048
0.114244
0.706463
-0.961257
-0.184782
1.106668
1.491440
0.001846
1.338347
-0.142815
-0.787191
-0.093534
-1.569635
-0.744243
-0.559563
1.241609
0.200465
1.841246
0.400951
0.318536
-0.201526
-0.803049
0.152650
-0.338804
-1.402685
0.463826
-0.148614
0.235993
-0.468743
0.617366
-0.539128
0.320472
0.601869
-0.112909
-0.829015
0.214953
0.970274
-1.961852
0.102689
0.127129
0.315218
-0.341090
0.304614
-0.499091
0.229957
1.034177
-0.081760
-0.972101
-0.093111
0.391009
-0.243403
1.496386
-0.397380
-0.382885
1.467910
0.268998
0.482176
1.201262
-0.590152
-0.167268
0.783188
-0.717586
0.215153
-1.047936
0.458764
2.013753
-0.146405
-0.362339
1.496210
-0.844901
-0.339212
-0.029536
0.546746
-0.980947
-0.871718
0.274223
-0.170368
-1.509651
-1.552519
-1.560199
0.017843
0.408156
0.600857
-0.956578
-1.811249
0.533448
-0.075847
-0.015985
-0.365787
-0.280639
1.712992
-0.138579
0.460089
-1.955781
-1.339712
-0.704114
0.132223
0.325761
2.260671
-1.582905
-1.556615
-0.253272
-0.783128
-0.935498
0.858312
-0.384327
0.422017
0.183252
-1.441778
0.689844
-0.230866
-0.596431
-0.137982
0.354303
0.995283
0.091957
-1.553492
0.751514
-0.492236
1.662055
0.549484
0.589218
-0.307177
-0.759551
-0.657452
-1.167916
-0.741921
1.064612
-0.538878
-0.053659
1.402803
-0.449209
-0.181452
0.622717
0.179618
0.416685
-0.340804
-0.159336
1.459114
1.820844
-0.030949
-0.697232
-0.081813
-0.520111
-0.647230
-1.778408
-1.396235
-0.026460
-0.582863
1.191037
-1.667460
-0.836511
0.452857
0.422452
-0.396518
-0.903833
-2.135882
-0.428596
0.422935
-0.108960
-1.233293
0.860890
0.663816
-0.171471
0.074045
0.066340
0.160675
0.695231
-0.324557
1.431272
-1.031118
-0.289995
-0.721382
-0.599663
-1.487969
1.050029
0.068710
-0.114321
0.086665
-0.640208
-0.333233
0.808303
-0.059960
0.460299
0.590316
0.926108
-0.481872
-0.671288
0.341783
-0.849247
1.058908
-0.966801
0.983264
1.465012
-1.160604
1.064780
0.467472
0.104178
-0.214345
-0.167269
0.795283
-0.582512
-0.549269
2.783577
1.433528
0.979337
0.862919
-0.022855
-1.566887
-0.172067
0.685860
0.604900
1.445183
1.100855
0.408781
-0.496964
-0.254614
0.459935
-0.424257
-0.400611
1.310015
-0.120502
-1.424289
-1.975105
0.220856
-0.431510
-0.357973
-0.125761
0.033537
-0.917951
-0.022831
-1.977728
-0.841180
-0.355041
0.249855
0.250239
1.141021
1.515340
0.400795
-0.744531
0.480330
1.128353
1.016264
0.092307
-1.311125
-1.160800
-0.329766
0.468945
-0.530904
-1.413112
1.189872
-0.407641
0.901079
0.393718
-1.175701
0.049670
0.606980
-0.617668
-0.625401
0.288531
-0.934833
-0.614028
1.194212
-0.309702
0.409530
-0.440294
-1.390442
-0.430954
-0.505798
0.181122
-0.453116
0.910103
-1.851753
0.350380
-0.479395
0.868854
0.061471
1.469881
-0.367968
-0.285996
0.428081
0.948919
-1.088038
-2.387009
-0.171514
0.224203
1.371999
-0.234821
0.082701
0.603924
-0.557088
-0.913350
-0.207099
-1.600299
0.455366
-0.933487
-1.401203
0.052730
0.430914
-0.211253
0.478206
0.679321
0.614187
-0.187283
0.239010
-0.497453
1.359845
-0.648510
-1.038159
-0.564024
-0.625351
-1.151644
-1.150199
1.557688
0.060470
-0.832076
0.961189
-0.863313
1.381953
-0.262683
-0.692359
1.189251
-0.502348
0.008057
0.654985
0.261558
-0.575619
-1.897228
-0.704475
0.614754
0.969574
0.221253
0.835091
0.290773
1.308106
1.350332
-0.525417
0.018160
0.541595
1.155946
0.132996
-0.463732
-0.026936
-1.200668
-0.479376
-0.774219
0.164210
-0.219900
1.031948
0.176935
-1.021023
0.395661
-0.896430
0.186739
2.202549
-0.394203
0.181649
1.032082
-0.914337
1.129822
-0.361043
0.750044
-0.480814
1.558924
1.074763
-0.618024
1.647647
-0.251703
0.726546
0.160222
-0.004389
1.829404
-1.385898
-1.366828
0.731296
-1.948814
0.740100
1.177285
-1.338866
-0.029298
-0.539331
0.840104
-0.570412
0.724007
-0.688442
0.970459
0.335809
-1.068180
-1.036841
0.051026
-1.781713
0.824853
1.329909
0.595704
-1.033579
0.216616
2.015598
1.132846
0.491623
0.787352
1.210071
0.173011
-0.095944
-0.242999
0.145499
-0.209223
-0.688272
-0.837383
0.547532
-0.509020
-0.847760
-1.235222
-1.237228
0.618458
-0.327919
0.557606
1.094767
-0.240345
0.653446
2.608507
-0.302080
0.403181
-0.275153
1.006083
-0.360498
-0.375748
0.597174
-0.019594
-0.616682
-1.951745
-1.268128
-0.486993
0.710068
0.629553
0.491974
0.925805
-0.179582
0.343698
-0.055715
0.404641
-0.167087
0.930264
-1.406678
2.127486
-0.243431
-1.109810
-1.031377
-0.037172
1.172587
-0.849676
0.377432
-0.743808
0.859914
-0.496913
-0.718356
1.960382
0.251736
1.178357
0.862453
0.189398
1.219066
-0.102759
0.491856
-1.399553
-1.100674
0.689272
-0.318954
-0.369459
0.346103
-2.368099
-0.324540
-0.972687
0.425447
0.027516
-1.379940
-0.089487
-0.203373
0.472294
-0.563595
-1.215544
-0.068074
0.451540
0.325074
0.595027
-0.843769
-0.767360
-0.602715
0.555988
0.255487
0.316139
0.916509
0.610394
-0.156875
0.145565
2.006928
1.298580
-0.404015
-1.679550
-0.353470
0.120907
-1.799355
1.173561
1.278450
-0.010495
-0.353246
0.676823
0.658512
-0.115376
-0.501112
0.232019
1.676724
-1.310604
1.547507
-1.653971
-0.753862
0.517453
0.999382
-0.777779
-0.165557
-0.735170
-1.388240
1.027711
-0.433586
0.027544
1.903291
0.307850
-0.023603
0.648785
0.216466
-1.086665
0.661394
0.007567
-0.080161
0.686291
0.176110
-0.493568
-1.087559
0.586552
0.709288
0.183065
0.082629
-0.080834
-0.106564
-0.189202
1.291297
1.045411
-0.335846
0.666300
-0.522232
-0.645662
-0.110125
0.186700
-0.509340
-1.296366
0.720905
-0.401845
0.020679
0.526690
0.075108
0.020410
0.322009
0.494252
-0.519271
0.317072
0.546507
0.317738
-1.371557
1.033525
-0.937046
1.752176
-0.595765
-0.197766
0.981214
-1.223337
0.417742
0.662656
0.484546
-0.654949
0.409982
-0.882318
0.269146
-0.497010
0.170498
-0.734807
0.372123
-0.443124
-0.767324
-1.987466
0.423846
1.565910
-0.500242
1.296047
-0.166363
-0.731612
0.074435
-0.367742
0.625486
-0.773990
0.116558
0.259208
0.114615
0.258096
-0.381535
-1.332161
0.304520
-0.851766
1.003089
-0.277434
0.777102
1.553117
-0.305671
-0.542051
1.001366
0.285444
0.033582
0.128105
-0.665663
0.945640
-0.414243
0.999923
-0.437896
1.311412
0.267638
-2.794738
-0.164470
1.134906
-0.287217
-0.586059
0.404286
1.318687
0.668285
0.102040
0.464078
0.466883
-0.162266
0.358137
-0.011648
0.631844
0.559445
-1.285848
-0.492644
-1.108367
0.086532
-2.051643
-0.106327
0.953125
0.392989
1.271420
-0.013162
-0.484412
-1.652647
2.373937
0.261912
0.959830
0.482102
-0.348897
-0.287913
-2.273946
-0.906403
-0.382056
-0.595577
0.655351
0.411292
-0.455930
-1.067061
0.704189
-0.072404
0.300994
0.311693
-0.107631
0.645116
0.205319
0.042025
-0.959063
0.035904
0.825859
-0.368186
0.361267
0.571951
3.000000
-0.647146
-0.183722
-0.387240
-1.380811
0.165465
0.293118
-0.326480
-0.040491
-0.092218
-0.272211
-0.768869
-0.647901
-0.826010
0.629540
-0.023309
0.295489
-0.631472
-1.951314
0.044833
0.563970
1.030067
-1.640844
0.267417
0.142780
0.041569
-0.099627
1.751632
-1.043037
0.181401
0.397937
-1.780515
0.395252
1.313308
-0.258364
-0.262361
-1.311671
0.272972
0.933669
-1.132610
-1.217293
-0.540824
0.086526
1.009500
0.506268
-0.074092
-0.759847
0.054854
0.485380
-0.650142
0.207173
0.243315
1.194926
1.401673
-1.678294
0.985824
-0.585018
-1.182129
-0.546195
-0.429973
0.281410
-0.194343
-1.217909
-0.313697
-1.717981
1.425260
-0.579794
0.626370
0.601056
-0.589458
-1.375651
-1.379549
0.726908
-0.107797
0.957396
-0.421465
-2.636735
-0.977424
0.716735
0.187190
1.685021
0.312130
-1.615132
2.236253
0.966455
-1.315037
0.199063
-0.040098
-0.682550
-1.633633
-0.852929
0.247309
-0.500729
-0.772060
0.044263
2.347124
0.221254
0.692971
-0.487646
-1.402827
-1.015215
0.488461
0.043392
-0.042457
0.775472
1.874575
0.867352
-0.301569
0.271242
0.847711
0.063410
1.327171
1.113336
0.539693
-1.401904
-1.077352
-0.908796
0.943638
-0.023352
1.712417
-0.108430
-0.009493
-0.201849
1.156482
0.949221
0.168067
-0.450606
-0.338126
-0.326992
0.613610
0.913262
1.481749
0.935194
-0.970949
0.906183
0.113900
-0.638784
-0.180913
-0.130012
0.001768
0.127654
-0.122054
-0.400515
1.110168
1.303438
0.491000
0.062908
1.281009
-0.332191
-0.271454
0.051140
0.897234
-0.091762
0.494711
-0.090188
0.200871
-1.781703
1.258077
0.906648
-0.954968
-2.229206
1.492382
0.053212
0.841175
0.534072
0.372592
1.057145
0.428751
-1.535742
0.612208
-0.306559
0.174678
0.197792
0.309150
-0.502349
-0.514720
-0.967563
0.988145
0.084607
0.408232
0.932118
-1.041288
-1.022135
-0.158774
0.622069
-0.782678
-0.676945
0.481157
0.283098
0.501819
0.623794
0.940848
-1.564356
0.130319
0.331728
-1.532520
0.083958
0.961490
-1.369861
0.038066
-0.518879
0.636784
-1.010909
-1.018323
1.166191
0.434363
1.234011
0.781019
0.554328
0.108192
-1.190569
-0.006133
0.185752
0.456350
-0.821835
0.082256
1.547614
-0.496691
0.095574
0.159971
-0.826457
0.326185
0.190587
-2.141144
1.995869
1.238763
1.090676
0.772437
-0.308300
-1.080125
-0.423175
0.452676
1.721029
-0.902589
1.682231
-0.947851
0.723881
-0.065455
-1.758256
2.251547
-1.086801
-0.637200
-0.406176
-0.338156
0.191741
0.296592
1.884414
1.280653
0.867616
-0.592149
0.967631
-0.179133
-0.260060
0.491698
-1.076706
-2.166367
-0.372499
-0.759648
0.768651
-0.236489
1.296708
-0.472692
0.564136
0.441701
0.353211
-0.873077
0.054181
-0.114014
-0.519876
-0.274885
-0.435309
-0.279490
-0.776031
-1.098927
-0.581426
-0.260443
0.901123
-0.529694
1.402892
-1.226247
1.711485
0.160205
-1.951558
0.636728
-2.004454
0.307333
2.027786
-0.149646
0.438682
0.606172
-0.337738
0.739049
-0.337665
0.791295
-0.898952
0.063467
-0.261703
-0.701086
0.079766
-1.327401
-1.477033
-1.309032
-0.723634
0.758945
0.044895
1.124091
0.889119
-0.433362
-1.225726
0.024966
-0.313286
1.102622
-0.660829
1.422770
0.229021
0.418298
-0.644062
-0.915013
-0.158556
0.019181
-1.315898
0.099483
-0.692361
0.379529
0.879361
-1.703231
-0.653600
-0.244160
-2.028087
-2.336659
-1.525431
0.806525
1.457949
-0.574575
-0.406734
0.160088
0.733627
0.792507
2.257225
0.425860
-1.052051
2.088505
-0.898812
-0.635012
0.817121
0.158114
0.061471
0.005329
-1.206614
-1.157860
-1.510116
0.680843
-0.806857
-1.562465
0.429249
-0.228761
-1.173809
0.261450
0.396024
0.453428
-0.549507
-0.318806
-0.389211
0.148153
0.459826
1.479705
-0.554070
-0.566271
-0.159033
1.045991
-0.358917
0.836209
-0.662610
-0.771031
1.633146
0.774954
0.511464
0.005983
-0.540254
1.058581
1.018970
-1.587032
-1.037508
-0.331737
1.336826
0.352277
1.177859
-0.519889
0.429745
-0.559833
-1.689022
0.277236
0.035170
-0.686100
-0.495332
-0.702075
0.468803
-0.937494
0.533118
-0.262664
-0.212738
-0.789752
-0.753756
-0.606151
-0.828409
-0.636304
-0.578324
-1.368893
-1.572151
-2.818340
0.491524
-0.877979
0.199073
-0.355092
0.754679
0.341746
1.332737
0.214534
0.485485
-0.341139
-0.823888
-1.553083
-1.235147
1.585977
-1.169386
0.461200
0.061483
0.620994
-0.201569
-0.246560
0.567515
-0.285294
0.217667
1.276235
0.557641
-0.535717
-0.248793
1.275992
-1.607317
0.286672
1.393249
0.010255
0.179049
0.870220
2.078641
0.860361
-0.509622
0.005083
-0.617857
0.009766
-2.196957
-0.906374
0.504238
0.430581
-1.198796
0.461286
0.180854
0.941250
0.180107
-0.849034
-0.807730
-1.114578
0.214906
0.761721
-0.383167
-0.291479
