0.459018
-0.159532
0.352104
-0.011452
0.621200
0.550021
-1.264187
-0.484345
-1.089696
0.085075
-2.017082
-0.104536
0.937069
0.386369
1.250002
-0.012940
-0.476251
-1.624808
2.333947
0.257500
0.943661
0.473981
-0.343020
-0.283063
-2.235640
-0.891134
-0.375620
-0.585545
0.644311
0.404363
-0.448249
-1.049085
0.692327
-0.071184
0.295924
0.306442
-0.105818
0.634249
0.201860
0.041317
-0.942907
0.035299
0.811946
-0.361983
0.355181
0.562316
2.949463
-0.636244
-0.180627
-0.380717
-1.357550
0.162677
0.288180
-0.320980
-0.039809
-0.090665
-0.267626
-0.755917
-0.636986
-0.812095
0.618935
-0.022916
0.290511
-0.620835
-1.918442
0.044078
0.554469
1.012715
-1.613203
0.262912
0.140375
0.040869
-0.097949
1.722125
-1.025467
0.178345
0.391233
-1.750521
0.388594
1.291184
-0.254011
-0.257942
-1.289575
0.268374
0.917940
-1.113530
-1.196787
-0.531713
0.085069
0.992495
0.497740
-0.072844
-0.747047
0.053930
0.477204
-0.639190
0.203683
0.239216
1.174797
1.378061
-1.650022
0.969218
-0.575163
-1.162216
-0.536994
-0.422729
0.276670
-0.191069
-1.197393
-0.308413
-1.689041
1.401250
-0.570027
0.615818
0.590931
-0.579528
-1.352477
-1.356309
0.714663
-0.105981
0.941268
-0.414365
-2.592317
-0.960958
0.704661
0.184037
1.656636
0.306872
-1.587924
2.198582
0.950174
-1.292884
0.195710
-0.039422
-0.671052
-1.606113
-0.838561
0.243143
-0.492294
-0.759054
0.043517
2.307585
0.217527
0.681298
-0.479431
-1.379195
-0.998113
0.480233
0.042661
-0.041741
0.762408
1.842996
0.852741
-0.296488
0.266673
0.833431
0.062342
1.304814
1.094581
0.530602
-1.378288
-1.059203
-0.893486
0.927742
-0.022959
1.683570
-0.106603
-0.009333
-0.198449
1.137000
0.933231
0.165235
-0.443015
-0.332430
-0.321484
0.603273
0.897877
1.456788
0.919440
-0.954593
0.890917
0.111982
-0.628023
-0.177865
-0.127821
0.001738
0.125503
-0.119998
-0.393768
1.091467
1.281481
0.482729
0.061849
1.259430
-0.326595
-0.266881
0.050278
0.882120
-0.090216
0.486378
-0.088669
0.197487
-1.751689
1.236884
0.891375
-0.938881
-2.191654
1.467242
0.052315
0.827005
0.525075
0.366316
1.039336
0.421529
-1.509871
0.601895
-0.301394
0.171735
0.194461
0.303942
-0.493887
-0.506049
-0.951264
0.971499
0.083182
0.401355
0.916416
-1.023747
-1.004916
-0.156099
0.611589
-0.769493
-0.665542
0.473051
0.278329
0.493365
0.613286
0.924999
-1.538003
0.128124
0.326140
-1.506704
0.082544
0.945293
-1.346785
0.037425
-0.510138
0.626057
-0.993880
-1.001168
1.146546
0.427046
1.213223
0.767862
0.544990
0.106370
-1.170513
-0.006030
0.182623
0.448663
-0.807991
0.080870
1.521544
-0.488324
0.093964
0.157276
-0.812535
0.320690
0.187376
-2.105075
1.962247
1.217895
1.072303
0.759424
-0.303106
-1.061929
-0.416046
0.445051
1.692037
-0.887384
1.653892
-0.931883
0.711686
-0.064352
-1.728637
2.213618
-1.068493
-0.626465
-0.399334
-0.332460
0.188511
0.291596
1.852670
1.259080
0.853001
-0.582174
0.951331
-0.176115
-0.255679
0.483415
-1.058568
-2.129873
-0.366224
-0.746851
0.755702
-0.232505
1.274864
-0.464729
0.554633
0.434260
0.347261
-0.858369
0.053268
-0.112093
-0.511119
-0.270255
-0.427976
-0.274781
-0.762958
-1.080415
-0.571632
-0.256056
0.885943
-0.520771
1.379259
-1.205590
1.682654
0.157507
-1.918682
0.626002
-1.970687
0.302155
1.993627
-0.147126
0.431292
0.595961
-0.332049
0.726599
-0.331977
0.777965
-0.883808
0.062398
-0.257295
-0.689276
0.078423
-1.305040
-1.452151
-1.286980
-0.711444
0.746161
0.044139
1.105155
0.874141
-0.426062
-1.205078
0.024546
-0.308008
1.084047
-0.649697
1.398802
0.225163
0.411251
-0.633212
-0.899599
-0.155885
0.018858
-1.293731
0.097807
-0.680698
0.373135
0.864547
-1.674539
-0.642589
-0.240047
-1.993923
-2.297296
-1.499734
0.792939
1.433389
-0.564896
-0.399882
0.157392
0.721269
0.779157
2.219200
0.418686
-1.034328
2.053323
-0.883671
-0.624315
0.803356
0.155451
0.060435
0.005239
-1.186288
-1.138356
-1.484677
0.669373
-0.793265
-1.536144
0.422018
-0.224908
-1.154035
0.257046
0.389352
0.445789
-0.540250
-0.313435
-0.382654
0.145657
0.452080
1.454778
-0.544737
-0.556732
-0.156354
1.028371
-0.352871
0.822123
-0.651448
-0.758042
1.605635
0.761899
0.502848
0.005882
-0.531153
1.040748
1.001805
-1.560297
-1.020030
-0.326149
1.314307
0.346343
1.158017
-0.511131
0.422505
-0.550402
-1.660570
0.272566
0.034577
-0.674542
-0.486988
-0.690249
0.460906
-0.921701
0.524137
-0.258240
-0.209154
-0.776448
-0.741059
-0.595940
-0.814454
-0.625585
-0.568582
-1.345833
-1.545667
-2.770863
0.483244
-0.863189
0.195720
-0.349110
0.741966
0.335989
1.310286
0.210920
0.477307
-0.335392
-0.810010
-1.526921
-1.214340
1.559260
-1.149687
0.453431
0.060447
0.610533
-0.198173
-0.242407
0.557955
-0.280488
0.214000
1.254736
0.548247
-0.526692
-0.244602
1.254497
-1.580241
0.281843
1.369779
0.010082
0.176033
0.855561
2.043625
0.845867
-0.501037
0.004998
-0.607449
0.009601
-2.159948
-0.891105
0.495744
0.423328
-1.178602
0.453516
0.177808
0.925394
0.177073
-0.834732
-0.794124
-1.095803
0.211285
0.748889
-0.376712
-0.286568
-0.485880
-1.948650
-1.118595
-0.368732
0.289455
-0.747483
-1.075288
-0.979600
0.705528
0.245615
0.127125
0.691099
0.759324
-0.554046
-1.525736
-1.291020
0.797742
0.416937
-1.234134
-0.367218
-0.056721
0.104517
-0.054156
-0.735929
0.977251
-0.442676
-0.840797
-1.736833
-1.129681
2.441117
-0.528896
1.313778
-0.461131
0.905041
-0.526327
-0.629653
0.313996
0.141298
0.614913
-0.446856
0.494487
-0.619720
0.730268
0.587452
0.262844
-0.936188
-1.461227
-0.531548
0.109975
-1.360940
0.454536
1.428055
-0.416553
-0.128539
-0.911289
-0.051828
-0.780981
0.915505
0.681970
0.206366
-0.249894
1.444027
-1.911050
0.311926
0.594724
0.040292
1.171176
-0.693358
0.053808
1.208754
-0.793063
1.115899
-1.564740
-0.202658
1.264770
0.487626
-0.004606
0.228272
-0.802722
-1.325387
-1.847990
0.535890
-1.701442
0.349205
-1.603758
0.445057
0.243643
0.146886
-0.337740
1.112653
0.747315
-1.094472
-0.461405
0.367675
-0.335760
0.951684
-1.115165
0.464484
0.641585
0.305730
0.218952
-1.201442
1.473510
-0.123960
-1.121265
-0.876443
-1.280278
-0.827866
0.541207
-0.292470
0.168732
0.715754
-0.590851
0.670644
-0.164543
-0.262530
0.292436
-0.154027
-0.512718
1.505655
0.042909
0.019278
-0.357817
-1.301117
1.108369
-0.852506
0.100570
0.050057
1.016506
-0.224116
-0.724724
-0.500800
0.121490
-0.168844
-1.303180
0.915633
-0.424158
2.233577
-0.013234
-0.225332
0.075892
0.195953
0.484926
2.326262
-1.720642
-0.896426
-0.605761
0.272753
-0.332664
0.498059
-1.231328
1.022735
0.234604
0.292098
-1.089223
-0.527283
0.145415
-0.677884
0.722341
-0.562665
-0.698401
0.413770
-0.793164
0.858787
-1.340609
-0.648820
1.801597
-0.752122
-0.413142
0.246016
0.315380
2.593449
1.239567
-0.448983
0.588330
1.258725
-0.043621
-2.150176
-0.271921
-1.150427
0.517822
-0.096006
0.928969
-0.898585
1.021472
-1.029189
1.339862
0.159108
1.056592
-1.263932
0.764658
-0.526265
-1.362595
1.117567
0.363791
-0.139918
0.202080
-0.428747
-1.205804
-1.870217
-1.519939
-0.415776
0.595216
-0.092962
0.118941
-0.402529
0.276892
0.721002
-0.659930
-1.122390
0.481411
-0.570498
-1.960923
0.218224
0.529643
0.622746
0.328306
-0.070233
0.109269
1.713918
0.040970
-0.311313
1.232568
1.024777
1.512629
0.854945
0.494678
1.231109
-0.146823
-0.257385
-0.713420
1.535763
2.079780
0.900845
-0.522126
-1.065469
-0.798581
0.050745
-1.139116
-1.373498
-1.335053
0.398333
-1.806548
0.435633
0.374786
-0.935116
-0.837754
-0.512644
-0.564702
0.750073
-0.127056
-0.754092
0.446612
0.867956
-1.528309
1.066186
-0.911945
-1.722284
0.066285
1.001524
1.083837
-0.348151
0.610718
-0.109834
-0.169990
1.018811
0.211391
0.851636
0.433779
-0.571014
0.487868
-0.136647
-1.084922
0.181043
-0.006567
-0.464212
0.104700
-0.750501
1.684871
-1.412773
-1.364091
0.930960
-0.679621
-0.566353
-0.565035
0.794472
0.105071
0.440152
-1.647176
-1.578069
0.193686
-1.665279
1.682877
0.283656
1.157023
-1.569506
0.471260
0.434130
1.014088
-0.308193
-1.211582
-0.635785
-0.466030
-0.286667
-0.188763
0.224967
1.862025
-0.740689
-0.591279
1.552946
2.184739
-0.649008
-1.695000
0.439081
-0.623657
-0.068443
-0.088437
0.285532
-1.158673
0.210006
-0.369653
-1.319343
-0.125676
-0.926291
2.536369
0.044460
-0.087300
-0.203785
-0.104276
1.077825
-1.227931
-0.679968
0.897111
0.416293
-0.170970
1.198601
-0.088467
0.840514
-0.002791
1.585224
0.734043
0.577073
-0.757923
-0.389989
0.340759
0.256017
-1.263324
0.245135
0.313172
-1.564278
-1.019510
1.294110
-0.481932
-1.002019
-0.319113
1.105503
0.379741
-1.992889
-0.488135
-1.409100
-0.541219
-1.682593
0.592222
0.910457
0.748603
0.885330
1.102000
-0.721459
-0.450753
-1.227396
-1.741158
-0.828337
-1.162832
0.047323
-0.332006
0.386196
-0.826880
0.300917
0.173021
-1.452153
-1.734791
-2.066620
-0.580074
0.074139
0.452888
-0.880848
-0.376207
-2.011011
1.578415
-0.697126
0.332015
-1.419689
-0.436186
0.849857
-1.073181
0.441682
-1.046001
0.573182
0.437107
-0.109423
1.588797
-1.422948
0.474720
1.576947
0.275207
0.627033
-0.164487
0.780704
-1.590874
-1.002186
-0.965347
-1.014220
2.119510
1.532471
-0.548750
0.391230
-1.464485
-0.625181
-0.258859
0.270482
1.066134
0.546560
-0.017526
1.100289
-0.162996
0.580004
1.801473
-1.036122
-0.248557
-0.867404
-1.389141
0.876823
-0.408676
-1.506962
-0.906887
0.872731
0.572780
0.099759
-1.403767
-0.460858
-0.852193
1.185537
-0.586630
0.753768
1.501428
1.184228
0.550642
-1.142022
2.058125
-1.170357
-0.607704
-0.014475
0.661232
0.242150
-0.711172
-0.880845
-1.329940
-0.337610
-0.254991
-0.124357
-0.337514
0.445768
-0.124423
-0.519519
-0.245208
1.451991
0.057606
0.939871
-0.336701
-0.621073
1.233794
0.541918
-0.534316
1.218391
-0.209323
-0.058775
-0.044639
-0.137382
0.251094
-1.267063
0.486260
-2.175723
-0.015120
-0.995234
0.404844
-0.894424
0.768676
-0.622217
-0.834849
0.241198
-0.322629
-0.466165
-0.491360
0.750269
-0.436289
-0.100184
-0.527746
-0.156362
-0.698045
0.456786
0.234353
0.750333
0.224382
0.289535
0.168867
1.370318
-0.112426
-0.318523
0.247932
-0.354687
-1.172596
-0.527183
-0.493704
0.415672
0.471408
-0.184406
0.206283
-0.789009
-0.086910
-0.270537
0.613244
0.765074
-0.486122
-1.709260
0.053791
1.035149
0.986933
0.555418
0.878761
-0.824662
-1.113044
0.406651
-0.136484
-1.050112
0.625084
1.222301
0.230931
0.248077
0.109946
-0.626549
0.018104
0.757484
-1.011994
0.844567
1.112392
-0.076422
-0.101752
1.214014
0.419632
0.393666
-0.132616
-0.722763
-0.399684
0.369831
-0.812630
-0.027229
-0.651818
-1.187505
1.443481
0.770027
-0.182648
1.015957
0.073568
0.418162
0.380196
0.267553
0.011638
-0.009718
-0.640564
1.043543
-0.263955
-0.037001
-0.950555
0.027729
1.328552
-0.985225
0.638652
-1.297099
0.474711
1.362048
0.109878
-1.022924
1.522183
-0.929877
-0.595962
0.387977
0.332139
-0.067959
0.224129
0.387368
-0.149550
0.235291
-0.328102
-0.460647
-0.452484
0.069914
-0.894423
-0.618595
-0.106715
0.316702
-0.181143
-0.002172
-0.557729
-1.347307
-0.534665
-0.524638
1.266651
0.907101
0.451357
1.082852
0.072637
-0.503803
0.760102
-0.600732
-0.691350
0.480324
-0.515127
-0.922870
-0.696933
-0.564399
-1.214413
-0.657285
0.466694
1.917227
-0.520073
0.530115
1.576369
-0.014022
-0.336058
0.185922
0.184082
-0.728472
0.100685
-0.524870
-0.971652
0.104948
0.796203
0.529354
0.001547
0.622332
0.955669
-0.124685
-0.290292
0.630219
-0.007415
1.654820
-1.147659
-1.322551
-0.941167
0.122903
-0.051447
-0.210838
0.828930
-0.135029
0.457102
1.441225
1.025619
-0.431873
1.965808
0.860760
0.205123
-0.942938
1.508028
-0.098827
-0.100826
0.026017
0.200163
1.959588
1.197766
-0.071148
1.407568
-0.311457
-0.944675
-0.403497
-0.537593
-0.110416
-0.060826
0.731651
-0.624320
0.885765
-0.271315
0.453251
1.628280
0.120392
0.444149
-0.614490
0.205453
-0.698422
-0.152001
-0.626656
0.080058
-0.780123
0.759035
0.233615
-1.135978
-1.735225
-1.332639
-0.826904
-0.009847
0.339464
-1.071514
-1.587654
-0.441279
-1.513605
-0.212244
-1.024111
0.393811
-0.565923
0.058805
-0.854533
1.536431
0.076062
-0.245217
-1.174744
0.301232
-0.969221
-1.034086
-0.626397
-0.589114
-0.550938
1.470577
0.573976
1.201049
-2.372475
-0.244960
-0.132695
-0.285911
1.459913
-0.458185
-0.717558
0.281590
-1.102598
1.441054
0.894310
2.063982
0.490843
0.181162
1.096869
0.119783
-0.017233
-0.835940
-0.685603
-0.032804
0.586175
0.866453
-0.580011
-0.418529
-0.782941
-1.105646
0.258942
-0.264302
1.183107
-0.381849
0.773990
-0.453119
0.399935
1.089651
-0.164397
0.192804
-2.331873
-0.417482
0.177035
0.097702
1.472004
0.301605
-0.001456
0.462355
-1.144748
-0.414311
0.439758
-0.206277
-2.119866
0.640340
-1.211829
-1.118219
0.376929
-0.215174
-0.690195
-1.398874
-0.551098
-1.936978
0.314148
-0.066707
-1.156274
-0.174806
2.600961
0.197689
0.352862
1.425943
0.341972
0.008597
0.064204
0.282668
0.948322
0.266408
1.038054
-0.096894
0.732580
-0.460344
0.755414
-1.040650
-0.402403
-0.448194
1.597294
-0.896858
-1.098362
0.236062
-1.069548
-0.929912
0.415036
0.250527
1.187723
0.337045
1.271173
0.708090
1.442203
0.114333
-1.846202
-0.573065
-0.222926
0.168450
-0.414041
0.470007
0.216660
1.723697
-1.130920
0.006604
-0.321865
1.121871
0.476469
0.714499
-0.098716
0.808429
1.350167
-0.613137
-0.799204
0.062339
-0.609685
1.090048
-0.243141
-0.977313
0.071904
-0.695836
-1.296076
0.351434
-0.499715
0.334888
1.036551
-0.040569
-0.562390
0.293463
0.781238
0.370650
-0.035908
-0.062117
-0.898545
-0.118442
-0.036132
0.533793
0.692746
0.190077
-0.717115
-1.226744
0.080475
-0.189531
0.133604
-2.085886
0.549175
0.275077
-0.080392
-0.351503
0.526627
0.194996
-0.634515
0.010398
-0.845722
-0.689276
1.353823
-1.654550
-1.081240
2.346898
0.084063
0.350892
1.202193
-1.719019
1.559122
0.938916
-0.927006
-0.240898
0.386876
-0.766714
-0.566782
-0.459854
-0.131491
-0.576385
0.531052
0.083327
1.223179
-0.668452
0.856803
0.477283
0.569501
-0.080752
-0.073227
-1.182334
1.039021
-0.168382
0.350392
0.659497
-0.221953
0.146455
-0.385487
1.036841
-0.805142
1.152523
0.922206
1.306415
0.253881
1.280683
-0.053137
-0.140336
-0.376223
0.402687
-0.367357
-0.051854
-0.224189
-0.188801
-1.883691
-0.208581
-1.512729
0.285386
0.655203
-0.617600
0.612552
0.378930
0.010972
1.554994
0.683377
-0.027564
0.621021
0.575481
1.491589
-1.230769
0.645613
0.180459
-0.800674
-1.468657
-0.788974
-0.084816
0.361759
0.596748
-0.281031
-0.204763
0.597912
0.736131
1.064622
-1.680894
-1.069281
0.253390
0.930956
-0.793247
-0.256869
-0.403727
-0.059603
-0.400980
0.670829
-1.372815
1.789969
-1.207662
0.893340
1.024984
-0.147508
0.159345
-0.397489
0.695246
0.283818
0.204530
0.761370
-0.075189
1.064005
-0.020658
0.614217
0.067922
0.456092
0.160414
0.521438
-0.371588
1.061184
-0.299027
0.325637
-1.005834
1.222643
0.749289
-0.265549
-0.784919
-0.334501
0.338296
0.379955
0.597872
-0.488348
0.036873
-0.148451
-0.545427
0.741004
0.318946
-0.300781
-0.353221
-0.024912
-0.615666
-0.791683
-0.062194
-0.349169
-0.258192
0.396149
1.553450
-0.722408
1.657191
0.119162
-0.599030
0.575151
0.347287
-0.479563
0.112096
-1.269552
-2.268039
0.269346
-0.959293
0.562159
0.533923
0.901701
0.572127
0.683159
-0.246039
1.984340
0.237150
0.353861
1.168485
-0.923987
2.684630
-1.076943
1.263679
1.182670
-0.591240
-1.745914
-0.809283
0.141723
0.411577
0.279665
-0.416920
-0.051645
1.585108
0.380369
-0.186775
0.016648
0.847500
-0.281190
0.740992
-0.711190
-0.629576
-0.709068
-1.608442
1.265521
1.097480
-0.606530
0.466939
1.199676
-0.757325
-0.866338
-0.366950
0.864565
0.253474
-0.141736
0.975402
-0.971052
-0.928621
0.016683
0.330157
0.277875
-0.836057
-0.362304
-0.225321
0.167886
0.134789
0.194584
-0.660673
0.497727
0.929593
-0.176047
-0.304945
0.447077
-0.732348
1.539607
-0.697462
0.019793
-0.693763
-0.397754
-0.138111
0.905337
-0.363180
-0.028470
-0.142531
1.062700
-1.780493
0.500144
0.068893
-1.291085
0.025582
-0.064959
-0.024107
0.545987
0.013263
0.611634
1.522344
0.615895
-0.107036
-0.626781
1.631056
-0.338066
0.928967
0.757469
0.598623
0.345280
-0.503587
0.681308
-0.101793
0.017453
-0.028708
-0.400851
-1.054763
-0.370631
1.096077
1.774902
-0.035403
0.560691
0.383687
-1.464955
0.166650
-0.807505
-1.409482
-0.620947
1.488919
0.080781
-0.951441
0.634217
0.435430
-0.274054
0.495332
-0.251801
-1.128730
-1.113944
-0.120969
-0.848692
-0.464193
0.046955
0.128233
-1.386367
0.277361
-0.082441
0.570495
0.757460
-1.166096
0.562178
0.139559
1.152196
0.166842
-0.654230
-1.812184
-0.902369
-1.069709
0.136985
-1.192608
-1.238850
0.125643
1.687923
-0.768373
-1.413672
-2.054686
-0.784325
0.479228
-0.153294
0.019241
0.600493
1.296672
-1.707060
-0.381585
-0.646908
-0.602059
-2.279206
-1.156522
1.063707
0.608407
0.080697
0.631779
-1.215472
-0.138105
-0.329958
0.663609
1.311895
-0.773940
0.961222
0.049934
1.132780
0.872618
-0.825989
1.695918
-1.274478
0.190287
1.400872
-1.332744
-0.295968
-0.342860
0.141629
0.516508
-0.252065
0.388371
1.926154
1.376598
1.532541
0.484512
-0.610982
0.328606
0.601375
0.915545
0.671154
-0.532430
-1.143657
-1.205233
-0.485108
0.448732
1.370530
-0.083780
0.817727
-1.084907
1.185428
0.068156
1.100737
0.564183
-0.571992
-0.862243
-2.043902
-0.101669
-0.132121
-0.349959
0.809952
-0.010782
0.610151
0.673861
0.239982
-0.784376
0.508312
-0.377117
-1.284061
0.862527
2.166204
-0.707453
0.014288
1.091330
-1.887650
-1.703830
-0.218390
0.927789
3.000000
2.844795
0.900244
0.567719
-0.506776
-1.578449
-0.086513
0.157871
0.086648
1.467460
0.098633
1.418483
0.681964
0.715223
-1.244339
0.703256
0.581785
-0.618980
0.338923
0.401959
0.488339
0.640058
1.035972
0.071414
0.480744
0.009495
0.873151
-0.528890
0.932536
-1.076300
0.783195
-0.122638
0.273248
-0.303298
-0.112311
0.280261
0.768694
0.784207
0.311696
1.110840
0.331280
1.080483
1.680397
-1.044041
-0.998909
1.106292
-0.134210
0.422569
1.385908
-0.565560
-0.861343
0.080096
0.166854
0.463025
0.446933
-1.262308
-0.180130
-0.213112
-2.074797
-1.164591
0.683626
-0.974674
0.214961
-1.557740
0.260966
0.780659
1.011165
-0.385467
-0.868031
0.694511
-0.039675
0.050917
1.088291
1.617296
-0.774989
-0.433337
0.075175
0.594405
1.188607
0.502740
-0.379510
0.887670
0.514969
-0.143487
0.525798
0.178636
1.614849
-0.222123
1.122007
1.050584
-0.472065
0.602454
0.795637
1.449935
-1.148227
-0.713941
0.142475
-2.095452
-1.351825
-1.601394
0.619712
-0.558134
2.658523
0.718660
0.721502
-0.141599
-0.276921
0.721546
1.044943
1.292295
1.217887
0.967566
-0.021948
-0.023141
-0.778547
-0.119055
0.347641
-1.232047
-0.361656
-0.360957
0.083022
-0.289520
-0.286128
-1.159043
-1.026159
-1.146367
0.273081
0.382898
-1.658693
-0.994938
-0.327034
0.481048
0.185177
0.762065
-1.197905
-0.581008
-1.196445
0.079350
-0.721483
0.675042
-1.496082
0.071450
-1.914875
-0.805119
-0.069675
0.352586
0.294127
-1.556716
0.418483
0.707999
-0.707031
0.899793
-0.497997
-0.750782
0.165597
0.581660
0.409446
0.263687
0.523867
-0.274966
0.607787
0.551052
-1.381621
-0.512811
0.836042
-0.320198
-0.545482
-0.227515
0.822072
-1.112660
0.691498
0.708429
0.451555
-0.576606
-0.999847
0.806283
0.363253
0.108184
0.160210
0.361194
0.323952
1.060108
0.586854
0.077463
0.867087
1.679623
0.223323
0.875494
-0.966239
1.017645
-0.502620
-0.298390
0.605842
-0.360579
-1.930189
-1.758036
-1.226663
0.483710
-0.441102
-0.294227
-0.952396
1.663311
-0.214139
-0.714278
0.228897
-1.391931
-0.462445
0.087656
1.850584
0.264544
0.277564
0.689491
0.920663
-0.474164
0.316068
-1.500851
0.420287
-1.002647
-0.143490
0.182528
-0.748823
1.130551
-0.456523
-0.559617
0.600574
1.167722
0.157142
-0.932175
0.922627
-0.667945
-1.793595
-0.880090
1.365318
1.823947
0.190924
0.081873
-1.576445
-1.590976
0.664157
-0.221133
-0.691175
-0.462473
-0.418674
-0.109880
-0.967802
0.185117
0.246470
0.730817
-0.444824
1.407044
-0.293519
0.475391
-0.405059
1.511966
-0.422183
0.821922
-0.315623
0.836775
0.966298
-0.141475
-0.295775
-0.497744
-0.168968
-0.383064
-1.665113
-0.240323
0.258039
-0.666618
-0.570327
-0.537399
-0.035371
-0.724784
-1.102440
1.366637
-0.493616
0.479655
-1.037812
1.750220
0.008201
1.031615
0.683012
-0.007366
0.278756
-0.550882
0.100094
0.757895
-0.474235
-0.504640
-0.181403
0.673420
-0.872379
-0.930775
-0.257600
-0.234535
0.611158
0.954105
-0.944484
-1.686661
-1.391043
-1.061165
-1.141846
-0.077509
-0.365390
1.421392
0.653642
-0.023074
-1.097004
0.139034
0.306699
0.393713
-0.325551
-0.887030
1.388545
-0.486689
0.038466
0.614162
0.023344
-0.679712
1.448477
-2.467680
0.416577
1.333533
-0.118581
-0.100168
-0.546835
2.153633
1.436635
-0.029564
-0.225088
-0.724948
1.361532
-1.422654
-0.767095
-0.388203
-0.964904
-1.081080
0.626482
-0.061869
-0.430663
-0.227257
-0.094741
-0.840290
-0.187105
-0.761866
0.716188
0.433261
-0.307460
0.293267
-0.754257
-0.540772
-0.550095
0.183355
0.047319
-1.795915
-0.868111
-0.432151
-0.190625
-0.454692
0.579511
1.147581
0.891893
0.342668
0.958658
1.047290
0.491338
1.767223
-0.223929
0.308196
-0.403034
-0.562963
-0.867731
-0.674354
-1.136669
-0.266778
-0.626303
1.378854
0.467521
-1.712923
1.034957
-0.473055
-1.397363
0.470389
1.084924
0.258308
0.357704
-0.706961
-0.132385
-0.087061
-0.204602
0.649291
-0.684529
-0.285424
-0.396309
0.367517
1.115009
1.573132
1.852263
-0.889613
-0.647463
1.719864
0.332407
-0.489532
1.240838
-1.375927
-0.410884
-0.830419
0.990896
1.732888
0.656990
1.325784
1.384588
0.616891
-0.450316
0.804012
0.292291
-0.991816
-0.494605
1.324677
-1.020640
0.286746
-0.674229
0.495917
-0.871614
-1.112837
0.196360
-0.784708
1.159417
0.461505
-0.302176
-0.306904
-1.769577
-0.009309
1.933925
0.272534
-0.907141
0.296422
0.645362
-1.171470
0.466505
1.264735
0.202043
-0.266138
-0.898240
0.062103
-0.895232
-0.294062
-0.368840
-0.041892
0.412242
-0.373084
0.061663
-1.517676
0.887638
-0.877940
-0.248593
0.150430
0.792494
-0.709361
0.023753
-0.520503
-0.962650
-0.032177
-0.151040
-0.036057
-0.912559
-0.455601
0.295024
0.615045
-0.239485
1.762381
-0.900085
-1.187233
1.447700
-0.821297
-0.167453
-0.878017
-1.039172
-0.684962
-0.144244
-0.396505
0.767973
-0.370614
1.123896
-0.728278
-1.381073
0.261147
1.169211
-0.206129
1.094005
-0.215593
-0.560294
-1.096699
0.948199
-1.147526
-0.288902
-0.690123
-0.684735
-0.251223
0.126927
0.209025
-0.747819
0.301795
0.456062
-0.124191
-0.201242
-1.070844
0.274827
1.457785
0.663418
-0.101839
0.510518
0.163915
0.507324
0.109161
0.008467
1.407905
0.109077
0.565362
0.688995
1.175113
-0.137833
0.556558
0.058088
-0.427691
-0.090547
0.535177
-0.661647
1.402098
1.668242
-0.645612
-0.307205
0.408796
0.356777
1.226501
-0.063229
1.411801
-0.739453
0.071153
0.286472
-0.856252
0.052416
-0.234830
0.759546
0.483243
1.641625
0.882112
0.091117
-1.698860
-0.116070
-0.680676
2.116467
0.068406
0.332626
0.350299
-0.099626
-1.619738
1.852125
0.318002
-0.703447
-0.201300
1.411439
0.137445
0.158159
-0.299084
-1.350486
-0.628229
-0.767449
0.063301
0.137813
-0.161343
0.647365
-0.307796
0.207599
-0.768434
-0.870106
-0.259979
0.730125
0.171918
0.263626
-0.628865
-0.608983
0.507288
0.394271
-1.174229
-1.328243
0.899710
-0.024367
-0.142086
0.335485
-0.094898
0.188480
0.414503
-1.431145
0.013052
-0.033443
0.357601
0.270324
-1.100860
0.116770
-0.885104
-0.313680
0.093506
0.846096
0.411612
0.236187
-1.260363
0.098349
1.038644
-1.873495
0.409276
-2.178414
-0.269972
0.352663
-1.510592
0.672510
0.179981
0.848980
0.431121
-0.394879
0.288406
-0.017798
-1.672376
0.299642
0.299150
0.375775
0.099955
-0.104737
-2.378892
1.371176
-0.818601
-0.637968
0.738127
-0.501668
-0.884817
0.567886
-0.224890
-0.993343
1.459353
-0.271584
-0.685467
-1.199273
-0.288631
1.375480
0.556254
-0.909963
-0.178834
0.762533
1.379856
-0.114842
-0.724194
0.255492
-1.001914
0.780467
-0.836166
-0.550463
-1.763214
-0.843020
0.228432
1.061086
0.982067
-1.428128
-0.315820
-0.007630
-0.012942
0.192246
0.159571
-0.460953
-0.212166
-0.613713
-0.606536
0.825884
-1.070255
-0.319500
-1.047070
0.570889
-0.964237
-1.504117
-1.142703
0.483190
1.890999
-0.510848
0.730762
1.428515
1.076783
1.429230
-0.531287
0.921063
-0.216439
-1.315129
-0.315421
0.313955
1.624942
0.794969
0.223431
0.871425
-0.455679
-1.160674
-0.608665
-1.049811
0.869973
-0.119859
-1.053863
-0.183587
-0.748851
-0.278330
1.261299
1.320806
-0.658906
-0.331537
0.375576
0.101057
-0.452613
0.905350
-1.256785
2.255260
-0.316994
0.355395
-0.625384
-0.903868
1.004201
0.034135
0.204489
0.111346
0.616609
1.540424
0.589238
0.608857
1.097192
0.795828
-1.018491
-0.233950
-1.439210
0.515085
1.684789
1.399283
0.815635
-0.830577
-0.652829
0.159208
-0.116745
0.768609
1.163985
-0.222384
-0.063548
0.969883
0.433292
-1.487892
-0.718662
-0.666147
-1.174193
-0.160714
0.116377
1.234333
0.625401
1.029781
-0.667443
0.285087
1.448529
-0.573667
0.596221
1.127821
-0.920825
0.432113
-0.802993
-0.420382
-0.589866
-0.444573
-0.273540
-0.741134
-0.556424
0.443585
1.479125
-1.365308
-0.240883
0.302552
0.428940
0.843668
0.116320
-1.542585
0.591349
0.795379
-0.486457
-0.281168
-0.516015
-0.145420
-0.828125
1.052151
-1.074008
-0.337560
1.171301
0.341251
-0.320418
-0.377586
0.342837
0.799471
0.635640
1.537419
-0.893391
-0.159437
-1.794648
0.362143
0.650296
0.072588
-1.493527
-1.825788
1.612566
-1.106192
0.829173
-0.151927
-0.069401
-0.540524
0.503779
-0.139209
-0.946236
-0.276760
-0.015164
-0.117189
0.393800
0.355767
-2.226489
-0.698265
-0.100970
0.419881
0.606541
0.478004
-0.336914
1.277926
-0.716690
-1.302877
0.376741
0.853859
0.859371
0.462545
0.774677
0.139979
1.386525
1.197960
0.081940
0.692978
0.983003
1.328306
-0.117232
1.113869
0.968186
0.863626
1.062936
-0.095007
0.548609
0.966128
-0.391452
-1.134231
0.583398
0.178025
0.398523
-0.011573
-0.749618
0.427480
0.826343
0.258321
-0.188975
-0.036047
-0.201935
-1.223064
0.234733
0.940539
0.051848
-0.499993
0.586823
1.070718
0.402776
0.437092
0.196260
-0.508887
0.117134
0.999488
-0.049597
0.625447
-0.053622
0.522706
-0.548705
-1.054075
-2.156676
0.648241
0.307126
0.644771
0.505801
-1.574165
0.091549
1.713441
0.824175
-0.133574
-0.414623
-0.323487
0.228596
0.164149
-0.792199
-0.402424
-0.250630
0.971028
0.901329
0.267933
-1.116638
0.212670
0.693788
-0.170933
-1.157448
-0.677991
0.693005
-0.060805
0.339365
0.275792
0.665999
0.847659
0.390982
0.489849
0.325170
-1.013708
0.821351
0.927842
0.291437
-0.212248
-0.502859
-1.385570
0.026317
0.537698
0.850403
-0.111171
-0.427344
1.523542
1.515760
2.118239
-0.829993
-1.136930
0.143990
0.344513
0.606609
-0.435540
-0.176052
-0.273025
-1.745456
-0.728050
0.059619
-0.368068
0.745471
0.525591
0.264793
0.549342
1.819623
-0.222990
2.358791
1.645232
1.119989
-1.743546
-0.500272
-1.166484
0.178984
-0.937287
-0.389624
1.308771
-1.087708
-1.635366
-0.662055
-0.226978
0.605664
0.104686
-0.312027
0.207761
-1.007970
0.266585
0.918067
-0.017936
1.049958
-0.294560
0.903186
-1.191965
0.040072
0.504585
-0.928113
-1.307588
-0.523527
-0.229370
1.201573
-0.890573
0.924731
-0.229647
-0.548346
-0.310847
1.891751
-0.545507
1.340695
0.075764
-0.445087
0.625057
0.105997
-0.075889
0.426890
-0.421505
1.874786
0.087695
0.714363
0.900552
-0.826589
1.304005
0.872250
-0.661241
0.279317
-0.809703
1.089576
-0.023545
0.805617
0.052476
0.237358
-0.437662
-0.406598
-0.166497
2.148080
0.770928
0.497480
0.486806
2.123897
0.404989
0.580113
-0.543278
-0.016552
-0.919261
0.483399
-0.592799
1.208621
0.866840
-0.058685
-0.316926
-1.217156
0.753323
0.759955
-0.088161
1.863267
0.526192
0.533100
0.020475
0.680685
-0.657816
-0.085285
-0.881346
-1.090368
-1.627370
1.407836
-1.799342
2.085718
0.676614
-1.872671
-0.080014
0.783568
-0.609604
0.704665
-0.918997
0.086962
1.349365
0.331409
1.097226
0.058032
-0.602459
0.454790
0.047546
1.886366
-0.725813
0.087661
-1.294464
1.440819
0.584863
1.254944
-0.224253
0.398881
1.152449
-0.259753
0.504080
-1.244833
-0.259592
-0.105866
-0.619921
-1.396557
0.254675
0.212716
0.551218
0.857691
-0.774457
0.232272
0.128422
1.060513
0.818921
-0.694150
-1.607368
-0.718948
0.875766
-0.006538
-0.180407
-0.617014
-0.553502
0.410199
0.671376
0.448452
0.159418
1.035248
-0.159755
-0.014422
-0.867433
0.177653
-0.130600
-0.903171
0.491711
0.239100
1.825583
0.457598
0.458566
-0.156219
-0.967413
-1.050566
0.299648
1.358249
0.334566
0.844151
-0.434056
0.277681
-0.233617
-0.701532
0.658948
-0.248452
-2.848821
1.713372
-0.264571
0.339156
-0.402392
0.138555
-0.231367
-0.054416
-0.385130
-0.977372
-0.406283
0.260510
-0.172488
1.414849
2.741228
-0.669309
-0.772532
-0.932496
-0.863961
-0.099280
0.305896
0.137156
-1.157299
1.351123
0.848936
-0.873324
-0.210047
-0.430200
-0.054165
-0.566691
-0.633468
0.160655
-0.267968
-0.001925
-0.311296
-0.128292
0.189575
-0.579288
1.227028
0.535883
-2.440092
-0.586870
0.570240
0.828656
-1.263240
1.564236
-0.035203
-1.330679
-0.376334
-0.574990
1.390745
-1.940325
-0.714737
0.342581
0.657911
-1.438887
1.211480
-1.247625
-0.781219
-0.306902
0.746393
0.487710
0.004506
0.776928
-0.481343
1.392306
0.081425
-1.630827
-0.800614
-0.872860
-1.000541
0.585172
-1.069604
-0.000176
-0.107632
-0.685094
0.096341
-0.622258
1.636505
-1.337236
0.234769
-0.442530
-0.185530
-1.532370
0.745335
0.191362
0.970226
0.550031
-0.704461
-1.082022
-0.452381
0.460087
-0.978498
-0.216864
-1.935616
-0.871766
0.419272
0.723037
1.231756
0.371842
0.319915
-0.866341
-1.752386
0.880714
0.476459
0.394539
0.579358
-0.387868
0.994185
0.850023
-0.255571
-0.545460
-0.044825
0.592609
1.018294
0.876228
-1.676283
0.260886
-2.717699
-1.415829
-0.749473
0.039144
-0.051084
-0.108587
0.918469
0.103825
0.780781
-0.067428
-0.809789
-1.050563
1.062466
-0.368363
0.428565
-0.005767
-0.463830
0.407819
-0.746013
0.814983
1.132125
1.612065
0.598561
0.828436
0.698060
-0.892826
-0.102133
0.371181
-1.012181
-0.197904
-1.254330
-0.232284
0.201935
0.297657
0.605243
0.868500
-0.190868
0.851228
0.916528
-0.138955
0.098099
0.805357
-0.058505
-0.643594
-0.450207
-0.569825
-0.960042
1.091819
-1.846423
-0.081612
0.114792
0.182686
-0.189052
-1.352250
-0.481944
-0.910199
0.608879
-0.348276
0.421228
-0.056192
-0.495075
-0.651245
-1.227948
-0.707723
-0.541277
-0.097611
0.366855
0.203765
0.758960
0.042692
0.906246
-0.161167
-0.256929
0.721919
0.285448
0.122540
-0.399403
-0.135528
-0.778417
-0.170655
0.172585
1.412375
-0.391371
-0.373684
0.199970
0.129652
0.008581
0.095286
-1.815002
1.163664
0.547317
-0.371288
-0.579710
-0.611173
-1.487108
-0.219771
1.056798
-1.384652
-1.545486
-0.021338
-1.193915
-0.254340
-0.665297
0.382322
-0.381892
0.107911
0.372441
0.358523
0.428376
-0.259760
-2.186893
0.223349
-0.822847
0.470986
-1.174541
0.906845
-0.798132
-0.580771
0.352608
2.076935
-0.837124
1.584728
0.434315
-0.790757
0.676757
0.196434
-0.416163
-0.387087
-1.816654
-0.142393
0.470016
0.234254
-0.293952
0.943197
-0.351041
0.545375
-1.025282
-0.170949
0.253535
0.638689
0.034263
0.303878
1.112362
1.101813
-0.498684
0.207770
1.370277
0.147874
0.027896
1.256481
0.789960
-0.581876
0.003363
-0.995444
-0.220237
0.795834
-1.140697
0.904709
-0.340280
-0.617619
-0.650379
-1.886031
-0.083466
-1.020216
-1.487020
-0.004418
-0.520269
-0.353580
0.109996
0.145568
-0.310025
-0.252641
-0.352303
-0.227042
-0.828427
-1.157854
-0.996521
0.467459
0.004820
0.796891
1.044959
-0.676313
-0.935758
-1.647723
-0.186953
0.612192
1.326764
0.067368
-0.411604
0.195085
-0.727751
0.080229
-0.071597
-1.096742
-0.297930
0.409613
1.261641
0.487313
1.720234
-0.614250
0.163908
-0.147776
0.130636
-0.953143
-0.091577
-0.279272
-0.330549
-0.322570
-0.228719
0.007830
1.147597
-0.335696
-0.004725
-1.458480
0.164779
0.071511
-0.572967
0.327835
-0.253865
-0.240401
-1.000042
0.776908
-0.816744
0.095464
0.105317
0.636227
0.654507
-1.200175
1.142846
0.507803
-0.840896
-0.876438
-0.362629
-0.474519
0.855018
0.902079
0.187118
0.908914
0.097257
1.174806
1.079175
-1.123569
0.740593
0.325860
-0.194615
0.744664
-0.398583
-0.501096
0.501645
-0.093821
0.084648
1.015985
-0.438841
0.214050
0.679835
-1.031925
0.091117
-0.150218
0.404947
0.232070
0.025794
-0.727395
0.817711
1.322049
0.436002
0.748543
0.042716
-0.349293
0.159945
-1.375030
1.469387
0.824039
-1.623053
-1.162571
0.509539
-0.142566
-0.026959
-1.418802
0.111137
0.159885
0.562433
-1.304174
0.903530
-0.940125
0.053614
1.340153
1.177372
0.343786
0.940406
-1.020664
0.729768
0.809092
-0.911395
0.123103
2.531272
0.851730
1.102432
0.537586
-1.025338
-1.681614
-0.071015
-0.899536
-1.279236
-0.122766
0.382584
1.995181
-0.406990
0.080133
2.309684
-0.918485
0.224141
-0.236092
1.166723
0.098919
1.125945
0.364659
0.671187
-1.480968
-0.649552
-1.171798
-1.338595
0.807142
0.924424
-0.121357
-0.877063
0.924891
1.615862
0.622920
-0.728072
-0.397898
0.622741
0.055107
0.908980
-0.869553
1.360381
-0.254938
-0.629905
-1.040504
0.757846
-0.297707
-0.242813
-0.334121
-0.920755
-0.627335
-0.105550
1.921175
-0.333533
0.707292
-0.834231
0.773202
0.793468
0.633644
0.329079
-1.616341
-0.125393
0.532572
-1.602251
-0.370976
1.060511
0.029900
1.201106
-0.299613
1.096932
0.141515
0.600643
-1.276754
-1.310225
0.432469
-0.317662
-1.616324
-0.401221
-0.314864
-0.756958
-1.104147
0.196389
0.297226
-0.710660
1.172267
-0.431634
-1.754045
0.020282
0.720515
-1.680390
1.662668
-0.257407
-0.728718
0.251241
-0.477762
0.841058
1.175950
0.387335
-0.004880
-1.508415
-0.676392
0.019317
-1.769560
-0.933332
0.132396
-1.090938
-0.682979
0.266787
0.167752
0.105004
2.161579
0.593859
-0.601771
0.042975
1.027689
1.601749
0.606279
-0.689005
0.607102
0.503298
0.465167
-0.047536
-0.192936
0.085855
-0.530318
0.526363
-0.044886
1.179275
0.660315
0.200436
1.179138
0.768948
0.301136
-0.806397
1.180100
-0.111873
-0.311365
0.026694
0.946073
0.105006
-1.006529
-0.248711
-0.713955
-0.240699
-1.108134
0.315060
-0.305337
-0.782717
-0.514740
1.125063
-1.058322
0.430427
0.149616
-1.057035
0.035486
-0.819456
0.740229
0.488195
-0.103630
-0.876010
-0.460384
-0.441131
0.305874
1.103628
0.671867
-0.394174
-1.667514
-0.651681
0.312312
-0.939698
-0.004573
1.304107
1.439463
0.155699
1.567285
0.504620
0.627813
0.492872
-0.436623
0.173587
0.458496
1.049867
-2.277109
-0.756268
1.227983
0.577326
0.192882
0.462786
1.047876
-0.837116
0.363998
-1.665707
0.116971
0.085162
1.115803
-0.650661
0.483015
0.846433
-0.625837
0.275968
0.043182
-0.153933
-0.441239
-0.586515
-1.034314
-0.410295
-0.823613
-0.040874
1.385947
-0.262367
0.860453
0.432132
1.195957
-0.005736
-0.088043
-0.133975
-1.078154
1.799916
-1.263696
-0.109800
-0.324536
0.065215
-1.267395
0.689464
-0.038247
-0.202766
1.259062
0.597477
1.522109
1.164057
-0.484552
-0.226575
1.104478
-0.369399
-0.066573
-0.397592
0.369578
0.952219
-0.539245
-0.444432
0.844595
1.514502
0.843424
-1.215764
-0.060581
0.278524
0.064502
-0.468416
-1.554890
1.068830
0.940097
0.640518
-0.334560
-1.164085
0.516764
-0.762714
-0.212309
1.106687
0.851510
-0.291456
0.324323
-0.586967
-0.694466
-0.175432
-1.139692
1.672257
0.446204
-0.675126
-0.006192
0.850565
-0.153885
-0.203552
0.688788
1.307572
0.769345
0.120253
0.469821
0.020563
-0.396986
-0.583113
-0.695336
-0.750103
0.009630
-1.406642
-0.113384
-1.340064
-0.237675
-0.814959
0.129141
0.861790
-1.487718
-0.662976
-0.663294
-0.407983
-0.171644
-0.822721
-0.226953
0.879602
0.127557
-0.441952
0.270479
0.481662
-1.573329
-0.154840
1.759371
0.050794
0.154784
1.395915
-1.067046
0.755443
-0.272152
0.219633
0.533696
-0.183945
-0.563228
0.568550
-0.108979
0.096256
0.528207
0.798162
-0.219822
-0.861885
0.377369
1.160610
-0.549044
0.442287
1.252464
-0.064486
0.292738
-0.097662
-0.818931
-0.709235
-1.089905
-0.148880
1.596566
0.206968
1.441766
-0.795251
-0.442326
1.535845
-1.203451
-1.154580
1.768143
0.871898
0.208294
0.056374
0.987917
0.575681
0.666005
1.271842
1.138708
0.212186
-1.194935
1.213511
-0.886923
-2.207942
0.336708
0.131938
-0.521111
0.132105
1.226736
0.305412
-0.254613
0.092716
-1.469145
-1.318551
-0.946827
-1.013347
1.954877
0.505602
0.875136
-0.256194
-0.648097
0.705857
0.362590
-0.375634
-1.587584
1.849448
1.789192
-0.947875
1.105052
-0.261003
-0.548476
-0.919514
-0.405054
0.147276
-1.270642
0.101605
-1.360555
-0.151965
-0.847622
1.111492
-0.622153
-0.199508
0.378583
-0.183919
-0.511241
-1.563818
-0.348982
1.010435
0.370896
-1.026714
0.846356
-0.122437
0.655148
0.134384
-2.054493
-0.944334
1.414155
-0.168364
-0.541764
0.241294
0.508620
-0.643790
0.270973
-1.122413
-0.605156
-0.554001
0.166999
1.697276
0.528219
-0.807081
-1.486421
-0.694034
1.322993
0.461864
-0.962965
1.180213
-0.748911
-0.032387
-0.621470
-0.011437
-0.607093
-0.657397
-0.657597
1.801548
-1.776365
0.906032
-0.410254
0.488083
0.916045
-1.298952
0.655826
-0.225577
-0.912666
-0.028254
-0.081522
0.272731
0.357458
-0.270468
0.662742
0.272564
1.128323
1.260904
-0.434428
-0.244947
0.947670
1.795270
1.148954
-0.000818
0.187437
1.425283
-0.994112
-0.217798
-0.701238
1.237199
-1.107339
-0.461561
0.053538
0.292403
-0.351554
-0.899985
-0.293302
-0.288493
-1.049528
-1.185086
0.180574
0.615095
0.472660
-0.000121
-0.554774
-1.468987
-0.893742
-0.550159
-0.263485
0.215293
0.195474
0.724817
0.301494
-1.240733
0.687917
-0.959916
-0.427521
-0.663561
0.547353
-1.575347
0.509358
-0.677223
-0.787658
-1.211017
-0.770105
-1.126665
-0.840197
1.002188
-0.208570
-0.980715
1.005459
0.496664
0.296965
-0.524158
0.554769
-0.613646
-0.736690
-0.577461
-0.442871
0.427321
0.761821
-1.808026
-0.445712
-1.315931
1.030721
1.387392
-0.610348
0.736210
0.458028
0.314210
0.787319
0.637826
0.182437
-0.673140
1.318133
-0.907849
-0.094016
-0.321722
0.876824
1.043337
1.140310
1.242107
-1.259961
0.319273
0.007784
-0.559056
0.161118
-0.279543
-1.097941
-0.714213
-0.855979
-0.797540
-0.118913
0.174339
-0.871556
-1.376139
-0.935909
0.536048
0.762938
-1.262403
0.308087
-0.403960
-0.828820
0.247582
-1.234528
-1.223712
-0.342623
-2.058880
-0.723447
-1.192835
-1.585079
-0.790935
0.029920
-0.285749
1.939843
-0.159193
-0.794403
0.620269
0.540927
-0.843237
-0.111257
-1.048362
-0.337311
-0.292371
1.856201
0.593791
-1.053858
-1.287097
-0.640196
0.297592
1.652306
-0.550826
-0.159729
-1.412229
1.063515
0.518417
0.774920
0.645530
-1.851758
0.990523
-0.061798
-0.548072
-0.410780
0.960700
1.683012
0.897522
1.602066
-0.483312
-1.354307
-0.349783
-0.959563
-0.984642
-0.336438
-1.330564
-0.805182
-0.100841
0.096589
-0.704181
-0.238099
-0.029049
-0.320356
0.619164
-0.805226
0.401124
1.329555
1.478069
-0.464852
0.442929
-0.867867
0.414838
-1.480776
-1.527863
-0.815388
-1.625003
0.442967
0.062569
0.875050
0.272010
0.575865
-0.874015
0.768135
-0.024505
-0.582711
1.007970
0.660485
-0.166114
0.244954
-0.333048
-0.750013
0.185471
-0.240327
-0.345313
0.320731
-0.422433
-0.289575
1.475986
-2.011946
-0.678371
-1.124678
1.803780
-0.227221
1.450256
0.158098
0.054663
-1.042722
-0.950521
-0.062743
-0.551917
1.830903
-1.011834
1.232126
0.376229
-0.301786
-0.916030
-0.662285
-0.600804
-1.195578
1.350241
-0.721287
-1.077940
0.014996
0.017774
-1.225058
-0.420212
0.215446
1.139471
-0.310886
0.816460
-1.433546
-0.359773
0.152313
-2.141617
0.198872
-0.552265
-0.984450
1.040788
0.260693
-0.667066
-0.326103
-1.276418
-0.932506
1.209339
1.776283
0.672204
-0.652664
0.304132
-0.480523
-0.624225
0.875217
1.765344
0.244070
0.870344
-0.616525
-0.237309
-0.300039
1.174583
-0.396352
0.020788
0.535241
-0.380780
-0.821875
-0.195387
-0.635355
-0.481408
0.774310
-0.098723
0.727266
-1.206263
-0.086276
-1.100913
-0.011707
-1.039714
0.284859
0.735254
-0.378326
0.145981
0.759356
0.580117
0.041172
-1.466291
-0.397353
-1.763251
-0.332157
0.780804
0.419492
2.148954
-0.170828
0.626519
0.096278
-0.830179
0.027677
-0.504890
-0.816573
-0.533865
-0.177579
2.341054
-0.468353
-0.612603
-0.640871
-0.001173
1.016350
-1.028070
-2.173755
-0.075817
0.882386
-2.138217
0.682564
1.107546
0.154306
-1.735418
0.017732
0.499720
0.736719
0.627857
0.649396
0.996628
-1.061245
0.916086
-1.555999
0.047303
0.289479
0.970322
-0.866377
0.161094
1.182410
0.348654
0.669108
-0.028111
-0.527237
0.891843
