0.147718
-1.096170
-0.644815
0.543080
0.415566
0.933577
0.394592
0.140085
0.568777
0.622504
0.880737
1.233575
0.589639
-0.120214
-1.034885
-0.516468
-0.639940
-0.439144
1.142145
-0.715962
0.521179
-1.157163
-0.235138
-0.064937
-0.438533
0.790048
-0.259594
0.965578
-0.519469
-0.925778
0.473230
1.476867
1.043365
0.838321
0.505884
1.312737
1.070722
-0.245699
0.111878
-0.688472
-0.119231
0.617760
0.318027
-0.791985
0.976418
0.783362
0.916278
0.246800
0.757353
0.399905
0.429450
-0.048826
-0.287362
-1.064515
-0.095417
-0.505398
-0.569290
-0.279967
0.322660
-1.068340
0.141332
-0.249856
-1.349079
-1.906244
0.697135
-0.342281
0.516251
0.215053
-0.429842
0.639681
0.638217
0.124570
0.774618
0.296479
0.576794
-0.901649
0.837915
-1.358233
-0.381076
0.476723
-0.358568
0.363213
0.441760
-0.493868
0.609878
0.207744
0.033713
0.724272
-0.140800
-0.791093
0.474154
0.574916
-0.616617
1.134644
-0.872645
-0.672576
0.418130
-1.689262
-1.035401
-0.300376
0.918119
1.081777
-0.648303
-0.525303
0.296289
0.751783
2.003230
0.262871
0.629788
-0.332296
-0.770838
0.103168
0.206113
-0.627360
0.914729
1.106976
0.314005
1.075345
-0.414670
-1.047017
-1.004961
0.317074
-0.269703
0.347636
0.842461
0.421933
0.471561
-1.322987
-0.409432
-0.174566
1.204611
0.147235
-1.226651
1.281496
0.386102
0.012283
-0.376686
0.943979
-0.658217
1.708606
-0.141758
-0.757306
-1.054857
-0.244017
0.037798
-0.297310
-0.555024
0.442487
-0.602633
0.215372
-0.207047
0.494680
-1.215256
0.748432
-0.803311
-0.663583
0.789387
1.344936
-0.328262
0.165041
-0.933726
-1.255515
0.915510
0.584021
-0.026958
-0.403497
-0.968430
-0.434281
1.165402
-0.186962
0.444032
0.073611
-1.041261
-1.334055
0.819206
0.173606
2.219659
-0.116753
0.507594
0.114529
-0.505153
-0.636518
-0.784326
0.789301
-0.435162
-0.755542
-0.136304
-0.527730
-0.088461
-1.456161
-0.932393
0.047453
-0.602581
-0.502631
1.441042
0.999624
-0.174145
-0.938693
-0.734533
1.726103
-0.102048
0.209030
0.022671
0.881205
-0.600088
-0.576752
-1.394177
-1.190741
0.210076
-0.068426
0.599860
-0.399970
0.355890
0.584141
1.502034
-0.067328
-0.143527
0.068783
0.057851
-0.133229
1.461747
0.965613
-0.404507
0.645195
0.969794
-0.727623
-0.836131
-0.269278
0.179342
0.093168
-0.080874
0.153078
-0.743407
-0.685462
0.270415
-0.154716
-0.324078
-1.335444
0.163663
0.296565
-1.085724
-0.156728
-0.020291
0.632121
-0.577284
-0.499346
-0.635546
-1.388089
0.050358
0.243586
-0.626525
-0.743928
-0.919855
-0.154201
0.830765
-2.204774
-1.767338
0.809765
-0.560106
-0.049966
0.918538
1.187529
0.023590
0.512531
0.147095
0.368973
-0.288202
-1.174447
0.443335
0.487595
-0.313977
-0.443480
-1.133692
-0.418517
-0.466543
-0.293867
1.285171
0.275550
-0.314175
0.232138
0.228117
0.907393
0.675333
0.775480
0.127750
0.284331
0.827683
0.069247
-1.216357
0.133213
-0.734104
-0.058561
-0.375917
-0.539364
0.883294
-0.299100
-0.000188
0.056515
-1.114625
0.910505
-0.114836
0.624505
0.211639
0.880254
-0.578122
-1.340092
-0.400786
-0.498256
-0.946883
0.889321
0.731406
0.642120
-1.416325
-1.352250
1.214243
0.063277
0.408196
-0.267253
-1.336740
-0.043613
-0.207312
2.090716
-0.900216
-0.298856
-0.753454
1.546217
0.551032
-0.949040
0.250722
-1.004679
-0.248840
2.368348
0.263664
-0.839575
0.183782
-0.524689
-0.796713
-0.724641
0.090691
0.604137
-0.056424
-1.008021
-0.593564
1.381934
-0.511360
-0.354622
0.978982
-1.035548
0.549787
-0.340652
-0.564913
0.751798
0.109690
0.257374
0.262302
0.168881
-0.666730
-0.903188
0.408282
-0.423878
1.306317
-0.231012
0.296991
1.463665
-0.036130
0.277889
-0.149829
1.193687
0.199347
0.907747
-0.279551
-1.257223
-0.023744
0.937548
0.588778
-0.174814
-0.002321
-0.726088
0.548052
-0.632799
0.258977
-0.883047
0.069015
1.231528
0.094361
0.318601
-0.211968
-0.982360
1.004385
1.162564
0.270406
0.299365
0.254419
-1.085530
0.103584
0.567323
-0.960447
0.856417
-0.678122
-0.079600
-0.675893
-0.255811
0.751069
-0.704831
0.332936
-0.155160
0.167189
-0.326654
0.948402
1.187169
0.048499
-1.504731
0.048573
1.071956
0.122980
-0.283096
-0.078826
-2.339211
-0.171801
-0.362216
-0.303949
-0.049223
-1.080183
-1.236054
0.462080
-0.540936
-0.379941
0.552392
-0.248567
0.546287
0.183632
-0.239121
-0.089295
-0.771395
0.483547
0.792403
0.541935
0.291425
-0.545866
-1.290154
-0.399633
0.969388
0.482853
-0.337464
-0.755642
-0.817555
-0.705038
-0.198137
-0.304164
-0.632117
-0.861111
-0.054138
0.165243
-0.139612
-1.437643
-1.284015
0.321299
-0.285079
-0.873763
1.869678
0.855677
0.489518
-0.013011
-0.111026
1.636217
-0.723847
0.649438
0.408872
0.474646
-0.067691
1.405893
0.852041
-1.189718
0.246831
0.452711
-0.135565
0.147125
1.016752
0.174794
1.325451
-0.705391
-0.359254
-0.205542
0.368684
0.321905
0.731792
0.470453
0.251985
0.545551
1.045020
0.633498
-1.272955
-0.683480
-1.502702
1.469915
-0.262410
-0.065201
-1.384178
-0.602873
0.738501
-0.839541
1.363361
-1.158592
-0.967053
0.335172
-1.186223
-1.927059
0.389507
-0.934888
-0.393099
-0.378517
0.965825
0.119309
0.044109
0.142644
-1.600519
-0.477725
0.050599
-0.294892
-0.547436
0.089414
-1.968950
-1.635449
-0.181674
-1.385306
-0.480380
-0.390438
-0.268086
0.218363
0.055186
0.625895
-0.125437
0.847078
0.637688
0.168718
1.510639
-0.077019
0.385161
0.090026
1.027602
-1.012000
-0.701094
-0.243596
-0.103232
-0.145228
-0.384121
-0.665473
-1.190731
-1.264601
0.608246
-1.631669
0.239328
0.053066
0.360460
-0.836410
0.187152
0.005622
0.641858
-0.471594
1.450536
0.834324
0.145701
0.022111
-0.738016
0.473984
0.425506
0.664065
-0.013965
0.707562
-0.474228
-1.217701
-0.794413
1.153145
0.503625
-0.973288
-0.192300
0.263357
-0.209278
1.227050
-0.038928
-0.248708
-0.435448
-0.342332
-0.090066
-1.593365
0.674770
-0.130579
1.281917
0.883624
-0.906968
0.438094
-0.835197
-0.809402
-0.280629
-1.142795
-0.889118
0.115740
-1.010912
-1.237212
1.105178
0.810183
0.884213
0.411444
-0.055149
1.029435
1.302060
-0.403135
1.582907
-1.298642
-1.243243
-0.455935
-0.407128
0.397867
0.558274
-0.553650
0.741482
0.544134
-1.133373
0.456446
0.839802
-0.793824
-0.431367
0.778582
1.711816
-0.270491
-0.252745
0.412695
-0.200749
-0.670716
-0.973685
-1.293470
1.461650
0.321564
0.245630
0.263043
-0.620285
0.416776
0.929218
-1.269435
0.282763
0.128911
0.234795
-0.008359
0.309084
-0.861182
0.389377
0.151643
-0.278219
0.380866
-0.413907
-0.369467
0.353361
-0.338937
-1.208668
-1.250383
-0.613399
1.456174
1.790887
-0.052118
-1.212429
0.003915
0.537893
2.006138
1.345372
-0.312446
-0.933840
-0.384428
-0.882925
1.036308
-0.330244
-0.139090
-0.681892
0.514221
-0.719531
0.566222
-0.777740
0.217241
-0.377389
0.576133
-0.569126
-0.563857
-0.782138
-0.100808
-0.389201
-0.432385
0.727756
1.008334
-0.273721
1.491154
0.660732
1.348628
-0.784807
-0.393135
0.729736
0.520579
1.050968
0.266195
0.283198
-0.248853
-0.427859
0.502707
0.146021
-0.028225
0.390897
-0.586257
-0.785447
0.515843
0.222166
-1.371118
-0.581297
-1.560017
0.533866
0.363680
0.119254
0.377690
-0.520351
-0.370578
0.038376
0.835124
0.428138
-0.042692
0.874524
-0.036078
-0.461669
0.707429
0.245755
-0.857310
-0.852091
-0.570399
0.704702
0.469552
0.043308
-0.139349
0.150319
1.052786
0.587084
-0.418176
-0.143542
0.417151
-0.295067
0.877277
0.274203
1.118422
-0.186043
-0.314585
1.558285
-1.227780
-0.584933
0.651474
1.012496
-0.913657
0.637295
0.627497
1.036671
0.602532
0.278438
-0.629550
1.016286
0.575789
-0.722359
0.501860
-0.576159
-1.031576
-0.340362
0.039165
0.922538
-0.171680
0.095151
0.271874
-0.910600
-0.230254
-0.259429
-0.562841
-0.930054
-0.863135
-0.263315
-0.507894
1.138160
-0.557889
0.020333
-0.291166
1.237337
1.125661
-0.437041
0.562221
-0.502439
0.714463
1.686515
-0.275413
-0.609695
-0.941828
0.889780
0.444111
0.657684
-0.181826
-0.703189
-0.459073
-0.482513
-0.690470
0.010443
-0.220258
0.858766
-0.385092
0.625616
-0.785798
1.498415
0.131071
-0.020414
-0.315465
-0.418522
-0.378673
-0.275641
1.006576
0.417288
0.006451
-0.784808
-1.323162
1.415902
-0.113226
-0.108852
-0.882379
0.477592
-0.706413
0.689496
-1.839894
0.328120
0.143019
0.390424
-0.257409
-1.881579
-0.750620
2.116619
0.762810
-0.623229
0.377311
0.362694
-1.923494
-0.249121
-1.581900
0.905901
0.739922
1.158196
1.593498
0.062388
-0.411416
0.230797
0.171497
-0.129755
-0.141010
-0.795679
0.035642
-1.052640
0.205880
0.482358
0.522464
0.701029
0.412443
0.686390
-0.010090
-0.298788
1.088156
-1.438090
-0.864504
-0.621121
0.457357
-1.067884
-0.034459
0.391181
-0.260735
0.526736
0.496300
1.860632
-1.098565
-0.417538
0.763703
-0.117399
-0.199197
-0.550281
0.909948
0.602222
0.681019
0.155637
-1.394314
1.658615
-0.622299
0.435606
1.242193
0.116948
-0.089844
0.556264
-0.267155
-0.563166
-1.733718
-0.162880
0.119236
1.179049
0.541178
0.811405
-0.167880
1.086383
0.720095
-0.270261
0.073900
-1.134024
-0.673123
0.278943
-0.632785
-0.158141
0.959173
-0.542010
-0.088347
-0.839008
0.572632
0.432390
-1.171128
-0.672157
-0.432591
-2.064451
-0.988699
-0.613744
0.429557
-0.178109
-0.886273
-0.202602
0.579328
-0.102645
-1.028006
2.344321
0.192369
1.182649
2.099164
0.970212
-0.088027
-1.597801
-1.196997
-0.364687
0.116243
1.419911
1.869610
0.668819
-0.976914
-0.153147
1.741539
0.017887
-0.050011
-0.768112
0.266927
-0.423825
0.339274
0.886196
1.376539
-0.013057
1.918465
1.409474
-0.659858
1.299745
0.379918
-0.716024
0.990498
0.739988
0.460616
0.082231
-0.837916
1.877138
1.008932
1.326432
0.382666
-0.317871
0.928483
-1.075927
0.357397
-0.563416
0.023780
0.519452
0.727144
-0.274326
-0.231304
-1.960779
-1.149169
1.613683
0.277833
0.432958
-0.989756
-0.317076
-1.575093
-1.248985
-1.200562
-1.489395
-1.089332
-0.975239
-0.619442
0.955803
1.558719
-0.617413
0.228077
-0.128895
-0.919708
-0.799714
-1.467639
0.683191
-0.024159
0.838433
-0.584891
-0.317923
0.414772
-0.014911
1.121937
-0.678360
1.159830
-0.259497
-0.113306
-0.351867
-0.421560
1.311396
-0.625058
1.000953
-0.109438
-0.053584
0.114678
-0.057573
-1.035010
-0.778939
0.339140
-0.218754
0.143192
0.526995
0.115630
-0.338912
-0.064988
1.061645
0.525818
0.626159
0.705527
0.745297
-0.599274
1.942206
-0.119955
0.032321
-1.173194
0.845863
0.445963
0.149626
0.482040
0.674941
0.279501
-1.971737
-0.083905
-0.129392
0.339410
-0.234455
0.112724
0.075306
-0.136194
0.526303
0.066219
0.684092
-0.463614
1.239270
-0.664675
-0.224971
-1.156861
-0.504256
0.986300
0.368921
-0.745174
0.394505
-0.561455
-1.645161
-0.422060
1.550750
0.167933
-1.545070
0.554859
1.528674
-0.032479
-0.116995
0.472621
-0.648585
0.241289
1.992085
-0.685771
0.058356
0.326019
0.348810
0.684429
-0.162021
-0.583049
-0.049276
-1.510087
-0.170720
1.739933
-0.439955
0.289142
0.403552
0.318063
0.061415
-0.505284
0.285458
0.198967
0.136329
0.485882
-0.132636
-0.929620
-0.600506
0.555979
0.818911
-0.495573
-1.052490
-0.805320
0.803929
0.730548
0.626108
0.774165
-0.022688
0.125756
0.572290
0.734119
2.029823
-0.766488
0.089421
0.350039
-0.920801
-1.180852
0.129697
-0.561469
-0.000059
-0.759243
-0.077622
0.080641
-1.766195
0.603990
-1.604927
0.203307
0.017301
0.184605
1.214004
-1.227213
-0.547399
-0.607291
1.235450
1.048402
0.563759
-1.240567
-0.366854
0.418742
0.280977
-0.517406
1.201630
-0.459662
0.308678
1.593868
1.382004
-0.156315
0.602094
1.340895
-0.757843
0.768360
1.488120
0.804271
0.986823
0.001142
-1.023898
-0.578911
1.235305
0.057470
0.659899
-0.809091
-1.414759
-1.634859
0.222587
-1.698727
1.134481
0.908693
0.240075
0.816296
-0.083344
-1.431106
-0.098329
-0.528599
0.986210
0.271408
0.322352
-0.291967
-0.697148
0.218560
-0.341659
1.085614
-0.286403
-0.620105
-0.170261
0.843513
-0.442025
-0.074450
-1.152212
0.095193
-0.298673
-0.349996
0.112692
0.021097
-0.001976
2.344494
0.816019
1.317295
1.299205
-0.224133
-0.379664
-1.301274
-0.760305
-0.222804
-0.071871
0.253583
0.119890
-0.930349
-0.257532
1.355154
-0.236031
-0.719914
-0.199237
0.262560
-0.303389
-0.334557
-0.269249
0.931419
0.658563
-0.588395
-0.585121
-1.365127
0.884218
-0.084323
-0.189970
0.140488
-1.019919
-0.722918
0.144021
-0.252138
-1.613470
-0.605669
0.207579
0.840093
0.069402
0.113803
-0.376650
0.164692
0.425425
-0.708372
0.826124
-1.303757
-0.035956
-0.181539
1.292525
-0.245652
2.535852
-0.214531
-0.562530
1.828857
-0.014519
-0.201174
0.114397
-0.786889
-1.146436
-0.506112
0.054999
0.897318
0.952242
0.378776
0.942080
2.061920
0.512340
0.757865
-0.236518
0.942894
-0.885939
-0.259957
-0.675104
-0.439028
1.566522
-0.160918
-0.335022
0.813677
-0.247955
0.252612
0.434964
-0.681831
-0.278675
1.512501
0.108042
0.714610
1.004884
0.454632
0.098996
1.010310
-0.991958
0.951749
-1.659074
-0.995932
-0.337049
-0.067332
-1.285294
0.612139
-0.060124
-0.864078
-0.939114
-0.757454
-0.659267
-0.099762
-0.042633
-0.461930
-0.066732
-0.510572
0.139267
1.220573
0.678701
-0.322522
0.114677
-0.125848
-0.336711
-0.247164
0.876006
-0.430055
0.149980
0.485606
-0.814228
-1.187134
0.606910
0.304049
-0.420662
0.890460
0.249602
-0.320979
-0.347509
-0.395378
-0.861714
2.151375
-1.789915
0.215168
0.004453
-1.009308
-0.114774
0.307128
0.808376
0.088827
0.457912
1.379358
-0.085730
-0.451069
-1.125097
0.668582
-0.400763
1.119905
0.056825
-0.105844
-0.443306
-0.405580
-0.993124
0.471916
-0.330395
0.502970
-1.329620
0.270954
-0.719001
-1.230241
-0.184810
0.484172
0.811417
0.969495
-0.297523
-0.754204
2.384519
-0.431972
-0.553825
0.373023
-0.844091
-0.523729
-1.199022
-0.156728
-0.883833
0.305199
0.148002
-0.564201
-0.301149
-0.448204
0.132431
-0.514218
0.212778
-0.665416
0.460133
-0.129626
-1.605979
0.149628
0.741108
0.991352
0.179753
1.159007
0.542104
1.649931
0.208313
0.375763
0.341535
0.436836
0.651481
0.834720
-0.771962
-1.013196
1.046161
0.756817
-0.662490
-0.038502
1.447888
-0.905030
0.257651
-1.083902
0.135635
0.240956
-0.142543
0.738178
-0.106590
0.929458
0.858660
-0.215747
0.204019
0.164900
0.757322
0.974610
0.621848
0.021750
-0.694150
-1.005243
0.861505
1.563619
0.212344
-0.053439
0.733248
-1.314708
-0.202814
-1.563361
0.335033
0.022900
0.257382
-0.334623
-1.458617
0.778160
-0.511456
0.140685
0.744531
0.448618
-0.646653
-0.203055
-0.168809
0.775921
1.006965
-0.830589
-0.794742
0.102426
-0.000938
0.157628
-0.820531
-1.048725
-0.061805
0.967957
0.495562
-0.092603
-0.299800
-0.878067
0.704618
0.669524
-0.129593
0.303588
0.213583
0.726189
1.285065
-1.377177
-0.240452
-0.063054
-0.999114
-0.227207
0.636338
-0.592916
-1.644325
-0.797755
0.224997
-0.596388
0.741604
-0.436549
0.181078
-0.466651
0.494361
-1.282870
1.284522
-0.171095
-0.107925
-1.115498
-0.001274
-0.054995
-0.943103
0.466678
1.574354
0.931518
-0.049240
0.436369
0.167613
0.329016
-1.615018
-0.709148
-0.222397
0.496090
0.285511
-0.079858
-1.689553
-1.115023
1.047449
0.107620
0.013642
-0.263887
2.272768
-0.535526
-0.110985
0.420012
1.035467
-0.102157
0.756303
0.778474
0.204915
-1.027758
0.628715
0.081345
1.213586
-0.656246
-0.002716
-0.393741
-1.438436
-0.820537
-1.530204
1.322857
0.189162
0.469856
0.161197
0.875678
1.184783
-0.316626
-0.753212
0.864421
1.756631
-0.171419
-0.593331
0.260758
-0.736018
-0.607974
0.528910
-0.171482
0.412128
-0.392762
0.457945
0.268218
0.405038
0.917729
0.682308
-1.203722
1.425745
-0.970850
-1.378324
0.747753
-0.610163
-1.480734
-0.033741
1.437160
0.699878
0.541812
-0.834562
-0.629844
0.720805
1.036264
0.870118
0.434795
-0.797047
-0.144548
0.962511
1.103890
0.315287
0.088869
0.273957
-0.365230
0.675192
0.183700
0.375745
-0.108191
0.257493
-0.475352
1.266685
-0.209526
0.560876
-1.515036
0.786130
-0.277804
0.493760
-0.324271
0.542269
-0.407685
-0.327587
-0.745922
-1.165710
0.340013
0.872872
0.131216
-0.506872
-0.888884
-0.757145
1.397077
0.084531
-0.838349
-0.868884
-0.576131
-0.163992
1.592732
0.039755
-0.968032
-0.561946
-0.765104
1.061428
1.586850
1.219100
-0.261553
0.957162
-0.027384
-0.094479
-0.841414
-0.186127
-0.602563
-0.174180
-0.490421
-0.254887
-1.228190
0.422177
-0.991495
0.270380
-0.479640
-0.653438
-1.440788
-0.231633
0.719782
1.314949
0.426659
-0.985689
-0.163395
0.865185
0.398882
-0.479823
0.184171
0.708610
-0.294788
-0.578829
-0.623729
0.407425
0.390157
-0.375271
-1.176515
0.088611
-0.206179
0.066131
1.111221
0.238706
-0.646719
1.673757
-0.522733
-0.382336
0.432092
-1.065460
0.109394
-0.030830
1.608071
0.975775
0.308500
-0.847467
0.405871
-0.278001
-0.410261
-1.449648
-1.785709
0.270574
0.351057
-0.294699
0.494948
0.246918
-1.080941
-0.957711
0.917796
0.357167
-0.248000
-0.815357
0.201686
0.191444
-1.443886
0.735158
0.047638
0.260707
-1.029777
1.284164
0.651692
-0.643942
-0.159105
-0.480335
0.324518
0.629271
0.287320
0.368866
0.417724
-0.842373
0.555729
-0.679609
0.479730
-0.853143
0.857477
0.327565
0.617806
-0.526256
0.611764
-0.586685
-0.290868
-0.211026
0.398559
0.997670
-0.182533
-0.161046
0.240385
-0.524474
1.134297
0.822104
0.734656
-0.361558
-1.235041
-0.674058
0.331809
-0.497205
0.242362
-0.525994
0.157292
-0.145448
0.306984
-1.299283
1.026950
-0.154699
0.299687
1.449391
0.008528
0.893658
-0.255618
0.799945
0.362712
0.006766
-0.221636
0.431762
-0.730440
-0.713263
0.764378
0.513047
0.442451
-0.303470
0.008331
-1.140393
-1.017306
0.323137
-0.836579
0.106581
-1.214735
-0.348044
-0.731799
0.433707
0.007327
0.212317
-0.893435
-0.926395
-0.980564
0.834807
0.470073
0.146439
-0.615007
-0.838617
0.772808
0.387268
-0.855923
1.285213
-1.375243
0.253748
0.526126
0.119593
-0.752149
0.197484
-0.165148
0.157448
-0.245594
0.400488
-0.390970
-1.012918
0.709125
0.761433
0.654186
-1.249128
0.344446
-0.846147
0.696254
0.737308
0.790709
1.417086
-1.112293
0.301685
1.230248
0.024823
0.021283
-0.546602
0.864718
0.207262
0.944702
-0.804794
-0.647682
0.032841
0.151045
-0.739670
0.288116
-0.216847
0.991521
0.043160
0.205223
-0.697663
-1.305822
-1.812231
1.566361
0.464237
1.158274
-0.114442
-1.217555
-0.887186
-0.921383
-1.874456
0.534365
-0.741768
0.231589
0.113080
-0.520495
0.989297
0.242820
-1.193620
-0.068045
0.231200
-0.391323
0.261036
0.992605
0.345831
0.860288
1.497804
1.296488
0.273888
1.271177
-1.197628
0.030629
0.491661
0.265375
-0.211893
-1.642385
0.028464
-0.974344
-0.482085
0.647986
-0.662668
0.657251
-0.598913
1.517404
0.816892
-0.868695
0.577567
1.769375
-2.065010
-0.379837
-0.998219
0.263397
0.685380
0.152257
0.005775
0.258741
-0.829426
-0.788886
0.605314
-0.421043
1.175758
0.791058
-0.747835
0.288832
0.566027
0.151541
-0.458828
0.810791
2.423447
0.055117
0.406681
1.260625
-0.356082
-0.662728
0.122172
-1.692578
-0.662546
-0.705257
0.793495
-0.399879
-0.703891
-0.399902
-0.433457
0.957675
-0.280461
-0.762967
0.564024
0.311541
0.598085
-0.467336
-1.065054
0.213016
-0.042823
-0.041026
-0.368442
0.276398
0.073304
-0.142290
-0.279481
-1.894095
0.957901
0.593532
-0.046020
1.802826
0.950622
-0.416442
-1.240054
-0.840929
-0.899603
0.409133
0.064853
1.144702
-0.928647
0.233785
0.158563
-0.318393
-0.977372
0.806832
1.582666
0.689450
0.523218
-0.942067
0.475042
1.169805
0.682896
0.116437
-0.224894
0.455694
-0.791879
-1.085312
-1.319937
-0.230189
-0.658358
0.937638
-0.131676
0.648702
-1.738189
-0.488390
-0.744859
0.624921
0.384705
2.252255
1.547202
1.148526
-0.320765
-2.115377
0.459704
-0.051685
-0.222299
1.320218
-2.379985
-0.392021
-1.616175
-0.992483
0.317100
0.780876
-0.232413
-0.650718
1.285796
0.363672
0.725430
0.865333
1.045383
2.005828
0.586508
0.551930
0.287771
0.465220
-0.015589
0.006701
0.190812
-1.774071
0.943052
0.545704
0.244477
0.640875
-0.425564
-0.753714
0.469862
0.899499
0.448793
-0.232067
-1.189699
0.719455
0.459162
1.062970
0.412751
-0.296953
0.373504
0.180070
-1.108746
-0.307087
-0.489977
-0.398978
-0.210939
-0.728220
0.190849
0.257957
-0.329388
-0.321419
1.451713
1.096471
-0.843002
0.472714
-0.372324
-0.295790
-0.583966
-1.157755
0.928105
-1.504849
-0.095822
0.175997
-1.293033
0.658252
0.152290
-0.141265
-0.401630
-0.230589
0.501934
-1.467606
0.359709
-1.116382
-0.083397
0.868510
0.809413
-0.694503
0.239272
-0.996422
-0.055313
0.991054
-1.452841
1.358785
0.566539
-1.034735
1.387693
0.506631
0.703522
0.236716
-0.034422
0.907411
-0.894036
-1.331188
-0.153960
-0.035763
-0.780398
0.176873
0.544552
0.752646
1.024451
-0.129147
-0.363650
-0.109794
-0.323134
-0.066492
0.793653
-0.069037
-0.002098
-1.110136
-0.717194
1.526581
-0.352915
-1.751539
-0.190830
-0.953706
-0.574290
0.355593
1.093897
0.923346
-1.323788
1.368654
-1.295615
1.341478
-0.694969
-0.196955
2.094728
0.486243
1.463703
0.210166
1.906781
0.191100
-0.266127
-1.664106
1.038262
0.390012
-0.193309
1.326524
1.344423
-0.772100
-0.230624
-1.021065
0.738093
-0.213480
0.272859
-0.351593
0.725141
0.190744
0.296122
1.032410
-0.125004
-1.766766
0.725382
0.365465
0.404831
0.418189
0.645032
0.950761
0.084079
-0.537277
1.003307
-0.341569
-0.704428
0.696388
0.771218
-0.384923
0.864183
0.244773
1.479996
0.007756
-0.018840
0.058460
1.728008
-0.374092
-0.181641
0.252325
0.386919
-0.851935
-0.412097
-1.258084
-0.614332
-0.119492
-0.441008
-1.711204
-0.186260
-0.914892
-0.798599
0.018953
-0.175239
-0.080226
0.122016
0.134726
-0.453054
0.845943
1.558894
-1.010634
-0.953238
-0.144664
-1.681806
-0.443927
-1.773609
-0.727934
-1.023133
0.207367
-0.298430
0.268799
0.621281
0.726434
-0.920265
0.916132
-0.182766
1.013651
0.845973
-0.352566
1.427847
0.898339
0.225153
-0.332311
0.249501
1.280417
-0.615359
-0.721138
0.271968
0.344375
0.619256
0.442295
-0.795100
1.686395
0.575841
0.310977
0.406453
0.436549
0.672950
0.466825
-0.353202
-0.632094
-1.170555
-0.770970
-0.556823
1.232163
0.741966
0.523363
1.059328
0.681988
-0.316555
-0.883484
0.491307
1.248761
-1.302885
-0.795934
-1.343789
-0.660177
-0.859002
1.301873
-0.553575
-0.756730
0.537326
0.891329
-0.983276
-0.570547
-0.511823
-0.314313
-0.088318
-0.156045
-0.067481
0.161069
0.055870
0.010128
0.605267
-0.425845
0.161743
0.061690
-1.453334
0.235350
-0.495193
0.124517
-0.403224
0.825005
-0.722936
-0.789172
-0.471071
-0.337921
0.425230
-0.208169
-1.485559
0.924345
-0.275717
0.007999
-0.393991
0.305223
-0.214997
-0.576350
-0.418163
1.878094
-0.077987
-0.337868
-0.491550
0.334117
-0.258405
0.475075
0.232958
-0.133267
-0.716601
0.672236
0.574751
-0.229915
-0.895265
1.346751
1.027691
0.837105
-0.088969
1.042560
0.939025
0.198973
0.020125
-0.417834
-0.389312
-1.038191
1.362781
0.606428
0.248203
-1.336068
0.968214
-0.116297
0.265469
0.862853
0.585942
1.167649
-1.201086
-1.901293
-0.594876
0.198633
-0.827063
-0.332883
-0.223646
0.552189
-0.391026
-0.211086
0.121068
0.347944
-0.677406
-0.443300
-0.757600
-1.139434
0.386222
-0.066504
0.434815
0.147632
1.367713
-0.492062
-0.185242
1.144757
0.825374
-1.845233
0.723375
1.232218
0.133288
-0.206295
0.259480
-0.886809
0.398451
-1.030331
-0.155330
0.566781
0.363750
-1.828096
-0.115028
-0.482292
-0.337019
-0.158683
-0.550661
-0.272778
-0.457077
-0.327968
0.622075
-0.032450
-0.479420
-0.240655
0.498262
0.519906
0.526427
0.473049
-0.328536
0.825388
-1.824885
-0.291548
0.140354
0.797639
-0.135770
-0.076422
0.370958
1.247442
-0.507787
-0.057573
0.296102
0.407322
0.174131
0.540449
-0.963426
-0.133951
-0.390308
0.742304
0.144799
-0.999111
0.411255
0.082793
0.397348
-0.501370
-0.746588
0.531702
0.036493
-0.281568
-0.942643
-0.714912
0.763394
0.016588
-0.224592
-0.916469
0.571912
-0.961837
0.148756
-0.512995
-0.005756
-0.475697
-1.203530
-0.741305
-0.840171
2.007778
0.699016
-0.641594
1.196931
1.405169
-0.383429
-0.605931
-1.970262
-0.232090
-0.449386
1.307465
-0.633571
0.716279
-1.325978
-0.359457
-0.344500
0.186174
-0.062073
-1.412288
-0.349847
0.119278
-1.180709
-0.839792
0.817354
0.402535
0.844278
-0.522751
-1.601284
-0.198744
-0.264618
0.258569
0.803515
0.564892
0.959851
0.088440
0.024607
0.455572
0.713152
-0.230366
0.656178
-0.560022
-0.273624
0.253957
0.068115
-1.912175
1.168377
0.666427
0.563340
-0.016065
0.077103
-0.831508
0.198695
0.400865
0.401750
-0.559120
-0.026494
0.087881
-0.086432
-1.593026
0.467376
0.302555
0.377916
-0.385260
0.597680
-0.294751
-0.759362
-0.728264
0.990516
-0.494052
-0.597635
0.635947
-0.955583
-0.204695
-0.216371
-0.627198
0.751799
0.137839
0.599954
-0.650515
-0.291057
0.685670
-1.147490
-0.211133
-0.025836
0.414596
0.274317
-0.892410
-1.412832
0.295945
-0.346210
0.115116
0.842689
-0.044101
0.135630
0.922867
0.722679
0.509280
-0.644484
-0.119253
-0.423107
0.322814
0.584716
-1.028353
-0.215505
0.189842
0.234691
0.053264
-1.344608
-0.235939
0.590959
1.530136
0.584644
-1.213592
0.311511
0.801209
0.429306
-0.740169
-0.416133
0.277038
1.027358
-0.060883
-0.009520
0.890676
0.893019
0.280605
-0.899613
-0.405338
0.489111
0.745540
0.419034
-0.341928
0.191305
-1.063710
0.640755
-0.449089
1.373799
-0.333770
-0.277768
-0.347223
1.561223
0.378171
-1.202032
-1.011229
0.851021
0.205784
0.519301
-0.917393
-0.534642
0.260861
-1.369503
0.007011
0.349206
-0.767112
-0.262064
0.903041
1.133748
-0.815855
0.298260
0.113510
-0.857267
0.728579
-0.407983
0.482163
-0.968916
-0.016804
0.537214
0.377929
-0.388147
0.420769
-0.580501
-0.871582
0.245363
0.575056
0.328140
-0.754044
0.464806
0.118708
0.022586
-0.225113
-0.201642
0.783456
-0.420004
-0.589996
0.134460
0.394613
-0.141057
1.243742
0.710104
0.918946
0.895848
-0.197851
-2.158982
0.980315
-0.398433
1.524871
0.223237
-0.871970
-1.024522
-0.431128
-0.111472
0.397064
-0.723604
1.098200
0.708662
-0.305321
-1.627006
-0.056129
0.205575
0.633402
-0.409210
-0.612930
0.538957
0.701481
-0.354913
0.361450
-0.101785
0.075014
0.041059
-0.707907
-0.741807
0.108883
0.305354
-0.966267
0.481632
-0.666349
0.911650
-0.177918
-0.445642
0.731107
-0.160194
0.026868
-1.456184
-1.152901
0.344715
-0.610554
0.184518
0.336668
-1.430138
0.563241
0.459878
-0.373353
0.628715
-0.914804
1.014419
-0.158904
-1.488221
-1.095835
-0.480336
0.287923
-0.927348
-0.281643
0.616729
-0.477919
-0.644040
0.909856
-0.403950
0.152327
0.207877
0.228254
-0.312388
-0.372643
-0.753634
1.279992
-0.072142
-0.920431
0.895909
0.464080
-0.800278
-1.264136
0.325954
0.222985
0.167953
-1.684464
0.428981
0.369491
0.921672
0.212527
-0.671472
-0.685899
-1.108025
1.243582
-0.333869
-0.625879
-1.231398
0.979936
0.676377
-0.519568
0.745032
-0.458139
-0.436748
-0.307462
-1.019149
-0.687539
-0.005093
-0.288783
-0.203220
0.334339
0.555256
0.318678
-0.703331
0.658083
0.457718
0.189132
1.705033
1.989563
1.116737
-0.881682
0.395073
0.734749
0.688269
-0.076215
1.952741
-0.665926
-0.194641
-0.834278
-0.533694
-0.287007
-0.312173
0.766623
-0.046591
0.068165
0.001082
1.131247
0.885010
-0.838873
0.416968
0.621380
-0.375160
-0.873558
-0.081113
-0.163467
-0.047732
-0.075401
-0.325997
-1.323980
-0.673034
-0.338890
-0.538050
-1.185272
-0.187585
2.034107
0.313461
-0.661652
-0.290563
0.611960
0.391233
0.651707
1.572034
-0.962136
0.110617
-0.447127
-0.237078
-0.488428
-0.491222
-0.420763
-1.782215
-0.358337
-0.828055
0.088257
0.141052
0.390836
0.019922
-0.334377
-0.067149
-0.431011
0.447859
0.901256
-0.591767
-0.077980
-0.407707
-0.178480
-0.237888
1.288680
0.753153
-0.637145
0.979694
0.433476
-0.752110
0.836722
-1.401941
0.176320
1.381460
-1.039603
-0.609953
-0.932168
0.208566
-1.323417
-0.069497
-1.165006
0.003365
-0.010930
0.248910
0.114806
-1.100309
0.402437
0.677724
0.005593
1.322317
-0.887299
1.286999
0.078275
-0.975278
-0.055875
-0.512926
0.103585
1.069236
-0.159388
-1.803540
0.462653
-0.313277
0.209856
-0.005742
0.559510
0.624410
-0.201563
0.041875
0.069201
0.011924
0.718822
0.487447
-0.402720
-0.080188
0.029354
-0.456616
0.586462
-0.946638
-0.018983
-0.678498
0.104253
-0.147131
-0.937665
0.073715
-0.469519
0.124108
0.637962
0.814998
0.027974
0.100375
0.260733
0.148825
1.177018
0.058471
1.364779
-0.053430
-0.245337
-1.108697
0.486255
-0.063750
0.425909
-0.638784
1.253205
0.657621
0.302201
-0.303536
0.323767
-0.135287
0.983053
-0.951430
-0.042120
1.103498
1.630035
0.123256
0.355187
0.172686
-0.985968
-0.571090
0.050559
-0.420628
0.011498
0.514846
0.671310
-1.031252
-0.361168
-0.213652
1.050356
0.284262
-0.783583
-0.464371
-0.570369
-0.306863
0.730699
0.124793
-0.393446
0.499273
0.498190
-1.854783
-0.177393
1.748672
0.305647
-0.640270
-0.257193
0.828083
-0.278735
0.464963
-0.096435
-0.011793
-0.234336
-0.274461
-0.077316
0.590556
0.780788
-0.571120
-0.079109
-0.327425
-0.671034
1.207036
0.128246
-0.069338
1.578669
0.220332
-0.011262
-0.158634
-0.196356
-0.831305
0.197401
1.438375
-1.908505
0.830498
0.648071
1.025432
0.305909
0.170575
0.702445
-0.612753
-2.364275
0.107922
-0.378251
0.922602
-1.364389
-0.935935
-0.023596
0.239283
0.645317
0.359147
0.705516
0.042357
-0.018712
0.633494
-0.232542
-1.431461
1.518653
0.736271
0.209668
-0.285336
0.197113
0.784459
0.879938
0.839396
-0.744174
0.480918
-0.396753
-0.516818
-1.429621
0.490511
0.989073
-1.703048
-0.906164
1.498140
-0.365444
0.986147
-0.473099
0.922839
-0.451733
0.437056
-0.845412
-0.870253
0.677919
-0.129408
0.130715
0.431847
1.511551
-0.661310
-1.109259
-0.544021
1.033150
-0.853441
0.081009
0.743090
1.777198
0.269053
-0.483576
0.229594
0.157174
1.568398
-1.219231
1.132560
1.114194
0.847984
0.260042
0.798187
-1.432628
-0.527275
0.860426
1.037988
-0.754061
0.585706
-0.439489
-1.258491
1.293413
-0.299191
0.651171
-1.420458
0.107445
1.664143
0.109982
0.955161
-0.506708
0.766748
-0.261075
0.576977
-0.083182
0.291873
0.475331
-0.608678
0.111725
-0.447189
0.722800
0.060085
0.219858
0.603974
0.635070
0.330025
0.583633
-0.593873
1.607835
1.340751
1.938338
-1.254945
0.192309
-0.251815
-0.591365
1.128827
0.264332
-1.593118
0.553071
-0.803221
1.196860
-1.009341
0.250475
-0.091685
-0.158617
0.457783
-0.733453
0.060956
1.543565
0.543227
-0.424680
-0.287623
0.773864
-0.132430
1.187069
0.582282
-0.231371
0.758174
-1.168325
1.077927
-0.252260
0.289896
-0.433804
0.228884
1.391828
-0.344991
0.195561
-0.606980
-0.125913
0.166228
0.075635
0.956600
1.006189
0.729323
-0.048325
-0.130606
1.129265
-0.606589
0.304127
-0.352730
0.790677
0.368759
-0.094546
0.903348
0.763134
0.205132
-1.669065
-0.583421
-0.908125
-0.037054
-0.557592
-1.870025
-0.284091
-1.214877
-0.242100
0.109645
1.319416
-1.045894
-0.121846
1.061885
-0.153354
1.103949
-0.002629
-0.786645
-0.425063
0.866477
-0.346323
1.141965
-0.477846
-0.277305
0.120910
0.666852
0.895953
-0.361760
1.116073
-0.399447
0.873075
-0.390259
-0.113682
-1.722001
0.128590
-0.255749
0.464107
0.980175
0.231855
-0.322422
1.166151
-1.254620
-0.439084
0.890309
-0.589953
0.658166
-0.688413
-0.178556
-0.495176
-0.566461
-0.365350
0.580666
-1.350797
0.174417
-1.112936
-0.237774
-0.071792
0.946705
-0.865268
-0.203725
0.867435
-0.932433
-1.417347
0.424079
-0.361158
1.307080
-0.797192
0.024606
0.287040
-0.001787
-0.123389
-0.849658
-0.431934
0.546530
0.854023
0.113889
0.283690
0.434741
1.569773
-0.453635
-0.068520
-0.949035
-0.708298
0.108627
0.380005
0.424919
0.346415
-0.747867
0.476799
-0.385221
-0.242662
-1.779092
-0.824008
-1.441484
-0.273932
-0.727341
-0.353200
0.205930
-1.083754
0.581293
0.715134
-0.138480
-0.153850
-0.133667
0.468455
0.066888
-0.586967
-0.621143
-0.381421
-0.467465
-0.344557
0.115583
-0.473932
0.670676
-0.234022
0.295094
-0.321641
0.524460
-0.999338
-1.194610
-0.573010
1.749903
1.303764
0.562168
-0.146390
-0.368873
-0.194645
0.193142
1.169519
0.516430
1.118016
-0.909562
-1.724127
-0.279104
-0.970836
0.188525
-1.068015
0.340041
-0.386437
0.244348
-0.129551
1.083501
-0.860474
-0.253257
-1.133642
-1.279342
1.024890
-0.262860
0.055918
-0.496854
0.239017
-0.149776
0.113514
-0.719014
-0.264385
1.164787
0.584851
0.152145
-0.675165
0.185842
-1.657432
0.769353
-0.218816
0.030503
1.660589
0.446590
0.887595
0.763593
-0.272497
-0.045853
0.034819
-0.285664
-0.180513
-1.460661
0.046677
-0.119005
-1.259204
-0.444981
-1.043254
0.137842
-0.820628
0.323116
-0.122522
0.388669
0.567981
-0.859809
-0.131070
-1.324776
-0.684449
0.008708
-0.451230
0.665458
-0.954896
-0.520111
1.196014
0.604911
-1.488386
-0.057924
0.075933
-0.919398
1.492349
-0.538518
0.600720
0.797064
0.408764
0.140266
0.441729
-0.791576
-0.797557
-0.250495
-1.783605
-0.309691
1.899872
0.268356
0.222332
-0.159565
-0.081340
-0.564376
1.071694
-0.285517
0.247924
-0.702144
-0.689843
-0.474278
-0.515791
-1.163464
-0.047559
-1.137876
0.063851
0.386586
0.543564
0.702660
1.364270
-0.652971
-0.659539
0.897012
1.109693
-0.347463
-0.529711
-0.397822
-1.134075
0.196074
0.512148
1.805697
-0.285257
-0.126435
0.289062
0.220289
1.766625
0.264206
1.578132
0.685742
1.154818
-0.767348
1.199565
-0.689527
1.033489
-0.910116
2.142062
0.545856
0.186294
-0.128551
0.052611
0.103884
0.099589
0.261044
-0.827227
-0.324401
0.354835
0.037586
-0.306692
0.552056
0.706069
-0.257735
-0.774753
0.828733
-0.199430
-0.467064
1.373419
0.841453
-0.707803
1.354286
-1.310904
0.458341
0.819018
-0.191041
-1.256394
-0.502676
-0.433954
0.503998
-0.033282
0.014911
0.751270
-0.505820
-0.634937
-0.218428
-1.044744
-0.919863
-0.185572
-0.597129
-0.669764
-0.300267
0.997102
0.973078
0.185855
0.167571
-0.595035
-0.798820
-0.525554
0.868577
0.742096
0.657967
-0.292635
0.772006
0.032180
-0.870565
0.837443
-0.530265
-0.463169
-0.461272
0.906715
-0.959217
0.238930
0.136342
0.535855
0.464187
0.792389
0.822382
-0.298724
0.843555
0.084478
0.958353
1.056737
0.707894
-0.265231
0.197720
0.052060
0.168037
-0.503339
0.061303
-0.010262
1.049987
0.172752
-1.353930
-0.699283
0.202157
-0.914524
-0.253486
0.863843
0.478445
-0.303534
0.578351
-0.463128
-0.728651
0.555898
0.775689
-1.484121
0.576207
-1.203280
0.297689
1.291576
0.176396
0.670369
-0.468014
-0.738394
-1.221680
0.689217
-0.362791
0.745063
0.078424
-0.890816
0.658585
0.358834
0.061293
-0.657905
-1.037069
0.791329
0.603095
1.667044
0.857942
-0.112594
-1.226022
-0.338562
1.554959
0.341131
0.341772
1.308997
-0.679214
-0.374700
-0.902010
0.939308
1.411660
0.870174
-1.046971
0.582937
-0.363050
0.158087
-0.444558
0.669132
-0.763911
0.306571
1.287736
-0.802929
1.062403
-1.027451
-1.005823
0.637065
-0.315232
1.328600
0.435471
0.757494
-0.732681
-0.515225
1.632143
0.480445
-1.171653
-1.173008
-1.326489
-0.198878
2.066927
-1.431079
0.109171
1.494818
0.760236
1.706180
-1.362712
-0.059720
-0.523924
-0.412887
1.006164
-0.461444
0.222367
0.937985
0.410476
1.101699
-0.485715
0.714838
-1.178369
0.401922
0.324554
-0.312085
0.475214
-1.847019
1.428170
-0.731066
0.334943
0.477457
-1.271051
-0.369110
-1.284519
0.606601
0.061103
0.946118
-0.772668
0.697283
0.195253
-0.120004
0.871568
-1.187133
-0.433180
-0.316331
-0.694865
-0.387503
1.773025
0.439110
0.208288
0.150960
-0.204744
0.084331
0.535891
-0.102603
-1.154740
0.490788
-1.136352
0.202462
0.565235
-0.370785
0.367088
1.354259
0.087482
-0.098041
0.967379
-0.470093
1.295344
1.480424
0.173943
0.474519
-0.781168
-0.064329
1.356400
0.234601
-0.114211
1.453297
-0.334535
-0.047910
-0.016780
1.193214
0.554423
-0.336404
0.583542
-0.389786
1.457765
-1.750303
0.327424
0.866368
0.026618
-0.925399
0.729072
-0.404528
0.579289
-0.201223
0.465584
-0.145155
0.699311
-0.471668
1.861040
0.998085
0.602058
-0.503491
0.606000
-0.253269
1.365327
0.580852
1.084919
-0.137777
-0.371590
0.203094
-0.338405
-0.555799
1.033922
-0.780722
0.185007
1.282352
-0.886599
0.906800
-0.071680
-0.729357
-0.923275
0.474561
2.287777
0.579155
-0.321302
1.632603
-0.548413
-0.255298
0.717265
-1.688239
-0.811790
0.134245
0.329751
-0.753678
0.169031
0.111506
0.030459
0.702722
-0.266703
0.285149
-0.433043
-0.851079
0.309431
-3.052624
-0.365192
-0.469863
0.321111
0.253616
0.848612
-0.419023
0.055100
-0.312055
1.355317
-0.102446
-0.704949
1.272539
-1.396173
-0.504349
-0.734028
-0.508726
-0.466854
1.111476
0.220512
2.024895
-0.402583
-0.060276
-0.033225
0.950908
0.175717
-0.043962
-0.123603
1.042179
0.343530
-0.215514
0.089375
1.733303
1.185372
-0.297669
-0.220085
0.400709
-0.703748
-0.193446
-0.860028
-1.460848
-0.330686
-0.092884
0.410481
-0.075434
-1.362795
0.478844
-0.583530
-0.971256
1.032142
0.366146
0.040431
0.129550
1.321770
-0.404380
-0.454802
-1.275520
0.851793
0.417181
0.360072
-0.790747
-0.293128
0.163390
0.424900
-0.294859
-1.489287
-0.745846
0.179679
-0.147523
1.215570
-1.403721
-1.132139
0.223847
-1.026344
0.861291
0.498687
-0.159743
-1.021768
0.096133
0.548932
0.273799
-0.290792
-0.143143
0.986752
0.790698
0.434342
-1.043251
-2.034078
-0.698315
-0.730191
-0.359117
-0.483990
0.482667
-0.529898
1.301085
-0.093483
0.044838
-1.554940
-0.674668
-1.937930
-0.324627
0.539373
1.078239
-1.270405
-1.627528
0.299281
0.108766
-0.764953
0.479157
-0.099350
0.312065
-0.325558
-0.669490
0.751373
0.859732
1.119862
-0.352107
-0.388347
0.267199
-0.463914
0.311673
-0.572697
-0.159004
-1.102545
-1.501445
0.134780
-0.238938
-0.620574
-0.080049
-0.282674
1.010841
-0.323266
0.965090
-0.591550
-0.681841
-1.456197
0.315190
0.286507
1.246522
1.807608
1.051876
0.261385
0.799762
0.081276
-0.103753
-0.454039
0.563578
0.250767
-0.851924
0.437188
0.756761
-0.001844
0.098035
0.336648
-0.595043
-0.582269
1.126434
0.787814
0.944654
-0.508254
0.821322
0.740527
0.683820
-0.187401
0.090774
1.643918
0.385500
-1.190929
-0.133155
-1.529537
0.570742
-0.644081
-0.078248
0.338621
0.236727
-1.116497
-0.532806
-0.790027
-0.407010
1.527186
0.218667
-1.150623
0.545837
-0.274146
0.694274
-0.292689
0.047853
0.974968
0.255129
1.059180
-0.151997
-0.108088
0.330658
-0.318085
0.280850
0.444148
-0.293410
-0.772909
-0.340670
-0.227695
0.505835
0.020353
0.744149
-0.587196
0.352073
0.644245
0.440993
-0.592069
0.417341
-0.456320
0.005156
-0.389903
0.743055
-1.392801
0.149148
-0.115470
-0.823683
0.097282
-0.301730
0.820330
-1.515194
0.206228
0.419367
-1.652470
0.646423
0.998247
0.592176
1.311235
0.498771
-1.559077
-0.827071
1.059821
-0.212107
-0.852352
-1.652590
-0.940350
-0.548551
0.454014
0.482739
1.293502
0.788168
-0.594926
0.075024
0.297960
0.423172
-0.949392
-0.580373
-0.281727
-0.084732
1.380774
0.304368
-0.779497
0.085594
0.017785
-0.111483
1.112136
1.539023
0.109159
0.224657
-0.948961
0.801801
-0.661220
0.195448
0.216334
-0.118725
0.378270
0.054423
1.694300
1.177448
1.696570
0.766850
0.088031
0.153420
0.158109
0.716305
-0.241800
0.250459
-0.623965
0.795910
-0.384573
-1.035512
-0.217692
-0.411478
-0.672078
-0.454379
0.495927
-0.056286
-1.229510
1.129476
0.171101
0.596383
-0.885470
-0.122640
0.897311
-0.877016
0.333687
1.269151
-0.554114
-1.611637
-1.575311
-0.068044
1.092100
-0.260024
-0.168795
-1.328818
0.258576
0.110266
0.531594
-0.551820
1.149398
-0.118480
-1.309817
-0.162107
1.087871
0.377953
-1.419949
1.386244
0.443707
0.064899
-0.020552
-0.156994
-0.191465
-0.789447
0.905788
-0.074163
0.782464
0.486646
0.091660
0.342729
-0.700340
0.409002
1.297679
0.960674
0.263851
0.381994
-0.013944
-0.767925
-0.550438
-0.688918
-0.361877
0.786623
0.833425
1.080130
0.476490
0.947145
-1.501875
0.052122
-2.049525
0.942855
-0.516115
0.804863
0.688359
-0.348654
-0.669469
-0.240244
-0.163060
0.105420
-0.208605
0.346686
-0.846297
-0.095268
-0.277156
-0.134632
-0.517584
-0.412262
0.133901
0.256238
0.529267
-0.138963
0.510279
0.322489
-0.331621
-0.371745
0.543890
-1.792242
0.915077
0.510931
-0.928286
1.589173
-0.054180
0.869158
2.275257
-0.553291
0.117698
-2.343420
-0.827996
-0.444010
0.750112
-0.413411
0.135464
-0.190512
0.554418
2.088143
-0.080018
-0.706970
-0.420205
-0.416635
-0.484301
1.657344
0.014703
0.081627
-0.666571
-0.427650
0.591375
0.067172
0.636100
0.068125
-0.437664
1.195870
0.108289
2.083186
0.860178
-1.134614
-0.882136
-0.750114
-0.298663
0.004018
0.571127
1.158021
0.154310
0.061370
-0.634594
0.111216
0.217109
0.327745
1.106230
-0.894259
0.431498
-1.087079
0.980755
2.058680
0.754978
-0.997887
0.114841
-0.314536
-1.051878
-0.721494
-1.528609
-0.504406
0.855120
0.295015
-1.930594
0.904298
0.699247
-0.949283
-0.556437
0.281741
-1.052854
-0.839347
-0.808564
0.396026
0.044027
-0.500338
-0.917599
-0.270095
-0.737145
1.082821
-1.533061
-0.490052
-1.058507
1.015615
0.547624
-0.658859
-0.329923
0.357440
0.190929
-2.131361
-1.554958
-0.398468
0.918567
0.342397
-0.808530
0.459815
-0.539439
-0.920177
0.070939
-0.337539
-0.135754
-0.763240
0.008478
-0.567443
-0.844558
0.745909
-0.008684
-0.988169
1.048566
-0.612708
0.072892
-0.875194
1.526983
1.527035
-0.014820
-0.560884
0.768761
0.275348
-0.061591
1.256988
0.945646
0.135845
0.473844
-0.012696
0.303336
0.629322
0.901191
-0.680106
0.091383
0.527006
-1.018743
-0.085102
-0.508972
-0.227918
0.206887
-0.562773
0.635999
0.122304
1.207641
-0.058253
-0.213850
0.176369
0.439076
0.879511
-0.845486
0.428898
-1.044208
0.545228
-0.902746
-0.008995
1.202258
0.123887
-0.525295
-0.445045
0.053285
0.410700
-0.580150
0.339126
-0.552173
0.023153
0.209694
-0.237848
-0.046745
0.641888
-0.250532
-1.640743
0.468806
-0.865168
0.305936
-0.428534
0.822526
-1.161354
-0.522724
0.288231
0.517756
-0.052127
-0.388948
-0.903859
0.115872
-0.992422
1.782173
-0.190845
0.431729
0.457937
0.650312
-0.369430
1.343761
0.189868
0.164314
0.200817
0.889354
0.936842
-0.118908
-1.559954
-0.695092
-1.358983
-1.112570
0.319213
-0.695162
1.054148
0.489781
-0.514317
-0.030973
0.731799
0.201281
-0.547872
1.292920
0.185447
1.385952
0.936201
0.153815
-0.211124
-0.739892
1.109869
1.072825
0.028621
-0.434359
0.105612
-0.572571
-0.300399
-0.233045
0.095906
-0.046792
0.836622
-0.669664
0.923504
0.882811
0.448880
0.239613
-0.986590
0.597482
0.048905
-0.325890
0.498677
0.539332
1.631657
0.157703
-1.238256
-1.216771
-0.978001
-0.993310
-0.427866
0.738823
-0.472500
-0.573949
-1.262992
0.334629
0.084792
-0.270932
-0.007840
-0.375551
0.470429
1.658539
0.337905
0.895945
0.396435
0.076679
1.738282
-1.315832
-0.388893
1.065375
-0.195719
0.418272
-0.338543
1.127784
0.695752
-0.416081
-0.214306
-0.482661
0.525299
-1.845753
0.691000
-1.296080
-1.643422
-0.215740
1.014610
1.302796
1.068999
-1.108765
0.723817
-0.422983
-1.961523
0.885056
-0.862524
-0.980145
-1.338197
-0.253888
1.025742
-1.129197
1.444738
-0.425346
-0.164719
0.390021
1.250810
-0.661947
1.441209
0.415443
-1.084311
-1.163698
-0.581457
-0.460830
1.503158
-1.173591
2.336096
-2.153401
-0.215629
-0.298276
0.209410
0.335403
-0.694879
0.324231
-1.340799
-0.667315
1.181627
0.728466
-0.809843
1.189567
-0.141959
0.033110
0.371009
0.134259
1.805096
0.053304
0.107398
-0.224830
-1.117558
0.302167
0.433441
0.427065
0.484035
0.782624
-0.603159
0.435901
0.471331
-0.345803
-0.021333
-0.634296
0.303538
-0.265962
1.494609
0.363371
-0.238070
-0.566282
-2.077529
0.174725
-0.611350
0.181140
-1.173048
0.610193
-0.520072
0.316546
-0.596608
-0.054581
0.943589
0.053320
0.252183
0.975368
-0.346082
0.358380
0.831551
0.889151
0.493902
2.088297
-0.992152
-0.657043
0.228725
-0.353502
0.383334
-1.071770
0.062028
0.666589
-0.787498
-0.266201
-1.575696
-0.649938
0.237971
1.007729
0.977959
0.200249
-0.470766
-1.116893
0.616617
0.294778
-0.437864
-0.191151
0.055927
-0.596756
-0.530317
-0.221261
-0.441878
1.081593
0.182216
0.450186
1.680741
-0.288231
-0.229562
-1.026160
0.365913
-0.379243
-0.586481
0.509183
-1.075629
-2.011257
1.307033
1.040068
0.524746
-1.434524
-0.315930
1.782858
0.638225
-0.561360
-0.435994
-0.282041
-0.237704
-0.766739
1.558426
0.760792
0.298779
1.193611
-0.736939
0.037408
0.079574
-0.912618
0.525414
-0.154055
0.992512
0.543163
-0.447530
1.116218
0.904564
0.704237
0.683993
-0.299122
-1.145465
0.519681
0.686454
0.787481
-0.817264
-0.455401
0.627614
0.572094
0.666065
-0.680169
0.648980
0.307728
0.564327
-1.921011
-0.707462
1.201208
0.870052
-1.312433
-0.575606
-1.839633
0.150860
-0.093280
-0.542471
-0.691506
-0.671360
-1.378236
-1.108393
0.376833
0.171249
0.868569
0.407039
-0.104119
-0.251040
-1.062834
-0.493993
-0.135390
-0.280081
-1.419585
-0.659183
-0.854568
0.261443
-0.060591
-0.428426
-0.816262
-0.791861
-1.765564
1.065142
-0.760110
-1.935710
-0.298721
0.442169
-0.687391
-0.215422
0.073901
0.063938
0.881411
-1.171002
0.969601
1.134611
0.424683
-0.716540
-0.947459
-0.377677
-0.335800
0.225963
0.728398
0.748837
0.790287
-0.037089
-0.115619
0.120885
0.350595
-0.782870
0.525466
-0.041331
-1.385166
-0.476737
0.059447
0.343002
0.482608
0.277849
0.597058
0.176492
-0.321615
0.826369
0.039205
-0.062376
-0.905028
0.626811
-0.596982
0.672521
-1.001509
0.179813
-0.312524
-0.069952
-1.090308
-0.436440
0.747392
1.797426
0.541392
-1.444290
-0.364685
0.325325
-0.537355
1.606755
-0.047201
1.001828
0.222701
0.056974
1.429669
-0.938130
-0.387708
-1.224369
0.215926
0.335528
0.415839
0.828656
-1.004585
1.114654
-1.439920
0.422467
-1.507514
0.630617
0.192269
0.938444
0.528829
1.004642
-0.463579
-1.238783
-1.563331
1.581697
0.883615
0.594891
0.410256
-0.763746
0.106806
-0.207872
0.354832
-0.440895
1.926860
-0.971145
0.611059
0.512564
-0.219155
2.386596
-0.340347
-0.100229
1.703734
1.320870
-1.161451
0.870114
0.331585
0.423402
-0.435937
-1.027560
-1.066505
-0.916325
-0.473024
-0.919710
0.785760
0.192405
0.175193
-0.949953
0.568789
-1.957586
-0.501470
0.464249
1.560974
-0.323248
0.677130
1.751413
-0.487519
-0.547111
1.803986
0.091898
0.889254
0.239974
0.584310
0.512698
0.340690
-2.175924
-0.414527
-0.353661
-0.687413
-0.607552
-0.397267
-0.939377
0.034662
-0.617664
-0.593865
-1.273118
0.684581
-1.440442
0.621015
-0.002442
0.494716
-0.507999
0.418603
0.732612
0.175318
0.127326
0.023171
-0.103824
0.127111
-0.279993
-1.350105
0.831523
-0.499733
-0.077237
-0.128350
0.495795
1.171211
-1.703727
0.224886
-0.316519
-1.068693
-0.280044
-0.125536
1.739324
-1.142021
1.506185
0.021618
0.648486
-0.335218
-0.821318
0.513253
0.612012
0.716815
-0.185630
0.772969
-0.155231
1.027439
0.112892
-0.194085
-1.318635
1.789645
0.560974
-0.323286
0.158627
-0.247357
-0.488607
-0.640359
-1.214564
1.070694
0.675754
-0.152178
-0.299044
0.783462
-1.440726
-2.226423
-0.669810
-0.750419
1.095192
-0.665322
-1.336275
-1.191216
-0.384827
0.544048
-2.006674
-0.408321
-0.599086
0.908651
1.614083
0.422255
0.575857
-0.497988
-0.801107
-0.068038
0.587568
1.725858
0.209276
-0.763425
-0.759667
-0.875633
0.501548
0.297624
0.115247
0.375248
-0.072923
-0.419593
0.341687
0.457657
-0.801937
-1.814108
-0.511466
-0.902380
-0.702118
0.761331
-0.591431
-0.086414
2.239059
0.017964
-0.775607
0.170640
-1.124262
-0.593651
-0.425728
0.009216
0.941092
0.122297
-0.152073
0.177857
-0.936198
0.320218
-0.489961
0.382809
-0.277414
-0.708053
-1.343357
0.125005
0.361825
-0.452296
-1.064309
-0.909837
0.803488
-0.576566
0.220767
-0.012445
0.776967
-0.430082
0.015373
1.351757
0.575543
1.707801
0.182833
0.538805
0.864133
0.762432
-0.727985
-1.603002
0.454606
-0.663289
1.661551
0.424099
0.549672
0.567542
0.900415
-0.234294
-0.051316
0.173561
0.825845
0.384533
-0.406547
0.744436
0.217484
-0.781506
0.024393
-0.882657
-0.579245
0.464410
-1.487395
-1.114773
1.092732
0.330352
0.503843
0.816014
0.978243
0.235298
0.661287
-0.587677
-0.231296
-0.256281
-0.532247
-0.409080
0.350481
-0.179935
0.120536
-0.308348
0.049040
0.747094
-1.341969
1.063116
0.445680
1.110627
0.826655
-0.972669
-0.100576
-0.365873
-1.120824
1.244665
-0.272752
-0.187034
0.721542
-0.104911
-0.098885
0.359249
0.514977
0.635920
0.459881
0.651505
-0.311096
-1.370076
1.537722
-0.462731
1.230760
1.205045
0.705083
0.532104
0.156227
-0.140621
-0.337584
-0.495779
-0.456705
1.325238
-1.604262
-0.160668
-0.310585
0.713167
0.204670
-0.750733
1.007697
1.237820
0.222649
0.092293
0.295991
-0.352710
1.085025
-1.447342
1.152140
-0.605898
-0.640574
0.125950
0.266275
0.427979
0.472901
-1.046325
0.547756
0.533078
0.550281
0.139356
0.232850
-0.658872
-0.008669
0.623931
-1.164936
-0.306712
-1.033935
1.043179
0.356026
1.011809
-0.289866
0.434824
0.470244
0.802298
0.192712
0.412044
-1.275270
0.957107
-0.385762
-0.531258
-1.297888
0.076710
0.060822
0.273497
0.499440
-0.235150
0.837272
-0.353193
-0.943063
-0.321440
-0.540702
0.124229
0.334376
-0.879409
0.229515
-0.399273
0.706567
-0.570022
-0.067562
-0.395668
-0.201494
0.409391
-0.574173
-1.078339
-0.765620
-1.050632
0.370192
0.158924
0.574328
-0.609643
0.269558
-0.450845
0.474438
0.442979
0.151637
1.498110
-0.829201
-0.166842
0.005005
0.146094
0.580611
1.117402
-0.519518
0.127792
-1.570684
-1.286390
0.104424
-0.017104
-0.489089
-1.225530
-0.296477
0.855127
0.279856
-0.651652
-0.031946
0.842741
0.535251
-1.781432
0.183689
0.617947
-0.125546
-0.892787
0.121241
0.343065
-0.367863
-0.246890
-0.008421
0.344781
0.277774
0.496989
-0.231171
-0.676264
0.629689
0.518655
-0.703598
0.380349
0.497258
-0.509451
1.084474
0.118475
-1.087799
0.243407
0.893693
-0.566200
-0.194574
1.064670
0.612360
-0.193111
-0.324880
0.340236
0.375642
0.244818
-0.555207
0.061991
0.395507
1.141578
1.056400
-0.111728
-0.214506
-0.247841
1.497892
0.852492
1.415083
0.111216
0.595645
-1.314834
-0.998735
0.107264
-0.722533
-1.224304
-0.168341
0.801937
-0.423521
-0.196560
1.772298
1.343822
-0.602403
0.010860
-1.744560
0.395381
0.073994
0.296115
1.048495
0.446555
-1.099296
-1.262145
0.143874
-0.490608
-0.735749
-1.751691
-0.574302
0.664485
-0.510461
-0.004291
-0.497693
0.176135
-0.106419
0.956803
-0.842545
0.284278
0.117874
-1.364154
0.245226
-0.821011
-1.047710
-0.062745
0.916519
0.389332
1.173736
-0.324572
0.005330
0.398216
0.687540
-0.530724
-0.322870
-0.079625
-0.051140
0.241726
0.312851
-0.291395
0.165861
0.680831
-0.935004
-0.406027
-1.848947
0.993446
0.782721
-0.384767
-0.382093
1.687450
0.155789
-1.240191
0.961644
0.332331
0.959340
1.022142
-1.834898
-0.197491
1.863933
0.021157
-0.433671
0.059265
1.018785
-0.065320
1.223776
-0.626677
-1.019787
-0.576131
-0.440210
0.161998
1.504624
-1.033067
-1.432948
-0.629665
-1.291997
0.131662
-0.072017
-0.708608
0.442119
-1.113920
-0.197168
0.206894
-0.168423
0.064163
-0.341131
-0.458288
-0.214786
0.012120
-0.439200
0.059137
0.670372
-1.699481
-0.377792
0.066866
-0.056390
1.449946
0.698346
0.438802
0.571205
-0.804904
0.513215
-0.241607
-1.529511
-1.678409
0.581689
-0.506540
-0.018454
-0.261950
-0.810896
-0.418433
0.324427
-1.748620
0.238544
-0.708848
0.709620
-0.041844
-0.118921
-0.757810
-0.876747
0.880730
-0.818289
0.802217
0.819630
0.071420
0.394680
-0.307996
-0.408330
1.008052
-2.057158
-0.319414
-0.177435
-0.610131
1.075504
-0.037274
0.412706
-0.361112
0.244128
-1.908792
0.966628
0.566234
-0.570455
0.739440
0.786759
-0.979751
0.523091
0.230794
-0.414800
-0.069760
1.448562
-0.141468
-0.553304
0.471513
0.811670
-0.044084
-0.178756
0.842303
1.314491
-0.177476
0.564271
-1.475557
-0.548167
-0.511039
-1.080399
0.031412
-0.654358
-0.801974
0.865582
0.070312
0.890210
0.237014
1.447042
0.482251
0.508183
0.730740
-0.680653
-0.818893
0.838794
0.704119
-0.636400
-0.083076
-0.011107
0.453331
0.267273
-1.143457
0.742919
0.074990
0.154848
0.238207
0.159129
-0.212887
-0.778457
-0.229713
-0.325301
0.647248
1.874746
-0.544961
0.657437
0.336141
0.120270
0.584789
0.368126
0.090244
-1.005034
-0.607056
1.081298
0.627096
0.366137
1.031599
0.348984
0.060188
-0.234324
-0.397079
-0.061948
-1.176396
-0.223106
1.069904
-0.133018
0.137682
0.213729
1.714633
-0.816641
-1.060840
0.499199
0.639971
-0.424065
-0.715610
-0.147550
-0.556366
0.387631
0.156823
-2.597402
0.096631
-0.768292
-0.585570
0.173621
-0.483634
-1.043473
-0.154539
-0.581715
-0.338473
-1.309741
0.696260
-0.182438
0.089424
-0.939039
-0.122737
1.000526
-0.064287
0.876567
0.440672
0.137308
0.013417
-0.221453
0.763741
0.423227
-1.035487
1.087261
0.025043
0.568844
0.397783
0.980365
-0.740459
-0.146549
-0.240640
1.149053
1.810117
-0.280028
0.343784
-1.091074
-0.094493
-0.725981
0.359976
1.575698
-0.026035
0.302162
0.772466
-0.736949
-1.253224
-0.027928
-0.673195
1.050341
1.116336
-0.527473
1.002499
-1.025845
0.301000
0.045922
-0.021180
-0.438920
-0.804701
-0.239678
0.394692
0.251464
0.808349
-0.493227
-0.722551
0.137317
-0.346093
0.737540
-1.130735
-0.402991
0.072139
-0.441864
-0.768944
0.836252
0.695321
1.321758
0.498344
-0.431382
-0.214833
0.280017
0.917922
-0.149066
-1.308418
-0.785249
0.503711
0.003697
0.727758
0.334158
-1.104138
0.976768
-0.975632
-0.064297
0.102389
0.328168
1.124953
0.816364
-0.769690
-0.748629
0.796903
0.490098
0.140451
-0.034404
0.462117
-0.364295
1.676096
-0.034186
-0.024822
-0.289636
0.182030
0.110906
-0.706317
0.725547
-0.529768
-0.689978
0.368606
-0.366854
-0.228622
-1.136487
-0.497226
0.486839
-0.172969
-0.038334
-0.779499
-1.314037
-0.650284
-0.418592
-0.341864
0.828379
-0.235665
1.011618
1.181936
0.115820
-0.413853
0.083787
-0.328207
-0.175572
0.555776
0.607068
-1.003100
-0.875154
0.980031
-0.387286
-0.432036
1.184684
0.607815
0.966156
-0.401566
1.273385
-0.347206
0.092731
-0.666958
0.122334
-0.226733
0.362028
-0.895250
-0.897669
-0.721584
-0.590544
-0.667267
-0.434809
-1.251622
-0.697061
-1.623318
-1.273165
0.331715
-0.896981
-0.105133
-0.576477
0.627453
-1.830692
0.010521
1.207591
0.705326
0.521981
-0.319204
2.638813
-0.075920
0.804399
1.338106
-0.206948
0.021185
-0.280563
-0.789607
0.569244
-0.063827
-1.475948
-0.036108
0.859254
-0.153043
0.339242
-0.132552
-1.590742
-0.410883
-0.160573
-1.179596
-1.485330
0.585955
0.302225
-0.610242
-1.327189
0.839706
0.748082
-0.465446
-0.056116
0.374801
-0.203316
0.124600
1.462696
-0.002887
0.984713
0.705515
-0.584145
0.985184
-0.479271
0.343926
-0.023228
-0.277880
0.878741
0.396647
-0.123082
0.658808
0.498306
0.576222
0.002139
-1.447614
0.272939
0.915062
-0.349635
-0.490111
-0.075946
0.408747
0.264177
-0.325990
1.187011
-1.032524
-1.084128
1.939322
0.268017
0.819397
-0.661911
-0.118531
1.364721
-0.060803
-0.407009
0.049100
-1.732833
0.700273
-0.443601
-0.783986
-0.380626
-0.252973
-0.542066
-1.564421
-0.627860
-0.056150
-0.762124
-0.450047
-0.269966
0.116821
0.056152
-0.478364
-0.921547
-0.959555
0.303958
-0.372560
0.472336
0.421507
0.727878
0.487690
-0.228669
0.049457
0.228033
-0.066596
-0.784898
-0.366916
1.408883
-0.337283
-0.906320
0.101521
-0.301209
1.247850
0.460950
0.383172
-0.504838
0.773952
-0.616227
0.956741
-1.716175
1.159645
-0.548615
-0.143926
-0.112080
0.243116
0.227299
1.260986
-0.064117
0.196590
0.437832
0.203663
-0.190576
0.467840
-0.720619
-0.300476
0.394964
0.023614
0.500640
-0.395352
-0.640843
0.025761
-0.160728
-1.129050
-0.021979
-0.061253
-1.205157
-1.624502
-0.409972
1.271023
0.329272
1.559606
-0.768030
0.062289
-0.875373
1.328118
-0.949899
0.138647
0.379147
-0.821946
0.905820
-0.516863
-1.032710
0.094048
-0.174161
0.035131
-0.365114
0.852677
0.059608
0.472613
-1.144602
0.910597
-0.424900
0.955378
-0.844865
0.084133
-1.924608
-0.490150
0.608481
0.204331
0.902151
0.373741
-0.968522
0.335360
-0.032840
1.403761
0.413003
0.768264
0.380694
-0.345425
0.559021
0.617575
0.727560
-0.181094
-1.108787
0.496453
-0.405843
0.953587
-0.387016
1.089493
1.395299
-0.780345
0.440973
0.771182
0.265146
-0.720593
-1.041794
0.955499
0.289376
-1.230958
-0.876700
0.797807
-0.483782
0.756380
0.762908
-0.612566
0.883356
0.620027
-1.200738
0.252819
0.635028
0.735107
-0.342599
0.731406
-1.019007
-0.784650
0.104868
-0.123487
-0.344136
0.733794
0.623971
-0.477948
-0.464153
1.016160
0.404769
-0.372162
-1.012185
0.183022
-0.408898
-0.858385
-0.081326
-0.001685
0.081742
-0.496986
0.082725
0.040178
-0.069522
0.069319
-0.281296
1.042595
0.425991
-0.624128
1.194686
-1.441086
-0.370160
0.627898
1.368562
-0.466028
1.625362
1.209086
0.733211
-0.139981
0.039935
1.410098
1.082877
0.246208
0.146806
1.215286
0.514337
0.034973
0.144906
0.423122
-0.457873
-0.328831
-0.604949
0.273291
-0.140329
0.370916
-0.947309
-0.569352
0.754985
0.236420
1.140700
0.825893
-0.005193
0.410974
-0.057800
-0.236580
-0.745415
0.494613
0.557673
-0.169338
-0.109629
0.165956
0.643465
-0.986976
-0.087428
0.429454
0.439769
0.617923
0.235990
-0.234306
-0.445921
1.039927
0.513319
0.736941
1.087561
0.099414
-0.241913
0.187885
0.490721
-1.377443
0.676061
-1.315386
-0.086163
-0.178156
-1.518588
-0.355097
0.388614
0.650740
-0.752836
-1.019612
1.058924
0.065323
-0.486525
-0.245532
-0.485815
0.219770
0.519708
-1.287499
-1.529837
-0.034929
-0.305973
1.094582
-0.173302
-0.222097
-0.815636
1.142554
0.867604
-0.259256
-0.288044
0.571565
-0.931181
-0.349440
-0.430128
-0.092610
1.961017
-0.988368
-1.175710
1.274975
-0.042563
0.488569
-0.846482
-0.577156
0.128613
-0.348364
1.208750
0.426742
-0.356014
-0.525093
-0.303390
0.552717
0.467828
0.626335
-0.888877
-0.292686
0.883377
-1.158264
0.357565
-0.799209
0.658226
-0.251752
1.379206
-0.152706
0.521022
-0.877263
-0.312324
0.272606
-1.994655
0.016180
-0.566236
-0.348390
0.156386
1.443840
-0.935990
-0.255978
-0.440369
-0.353552
0.256823
0.599669
0.064309
-0.779973
-0.576117
0.623601
-0.087011
0.271632
0.749876
0.544570
-1.187408
0.661912
-0.406447
0.459879
-0.481813
0.253641
-1.005128
1.203366
-1.145381
-1.148652
-0.822820
-0.038238
0.675533
-0.001039
0.205359
-0.765332
-0.275073
0.390750
1.756349
-0.450230
-1.237819
-0.890445
0.388011
0.820470
1.024321
0.865935
0.239182
0.955727
0.562828
0.309186
0.754551
-0.738791
-0.615450
0.019896
-0.340242
-0.555485
0.893205
-0.317896
0.570274
-1.364125
0.659104
-0.445494
-1.762444
-0.481908
-0.207988
0.804848
0.321134
-0.412874
0.145281
-0.198585
-0.054184
0.648092
0.539528
-1.213091
0.996140
0.778356
-0.082793
-0.698679
-0.164179
0.163584
-1.159539
-0.320593
0.004392
0.479594
0.750357
0.948641
1.362501
-0.680341
-0.816849
1.042942
-1.152521
-0.639821
0.832838
-1.238245
0.584988
0.833983
-0.864675
0.653076
-1.377831
-0.512669
-0.020641
-0.234427
0.271374
0.123307
0.675854
-0.917850
-0.385202
1.103615
0.358164
0.199082
-0.009132
1.129123
1.634750
-0.964712
0.189584
0.981625
0.334797
-2.088518
-0.602100
-0.357300
-0.197998
0.989453
1.587487
0.373155
0.723207
0.964993
-0.399386
-0.536727
0.109105
0.421014
-0.928951
0.611993
-0.166028
-0.464141
0.799913
0.087147
-0.259776
-0.253212
-0.272050
0.782777
-1.384566
-0.372799
-1.517901
0.753746
-1.095109
-0.645558
-0.770119
0.817378
-0.050192
-0.185031
-0.460631
0.654055
-1.092425
-0.518266
0.469893
-1.270445
0.011934
-0.371196
1.360627
0.884651
0.011485
0.266478
-0.201864
2.459341
-0.151935
-1.570449
-0.461211
-0.354229
-1.242881
0.218635
1.084788
-0.402077
-1.010172
-0.573787
0.256051
-0.100136
-1.526378
0.438184
0.454381
-1.410109
0.128804
0.588802
0.440690
-0.328513
0.709395
-1.023927
-1.538450
0.787436
0.085100
0.532157
-0.697126
1.257900
-0.459956
0.517838
-0.877983
-0.776957
-0.706960
-0.219448
0.349799
0.793475
0.778663
0.467677
0.458473
-0.201174
-0.466234
-0.062650
0.419261
-0.464036
1.303296
1.228612
0.608541
0.405772
-0.680341
-1.900473
-0.629511
-1.058862
0.600279
1.269675
0.228220
-0.320704
-0.787137
-0.427059
0.546241
-0.022876
1.465766
-0.675842
-2.101450
0.111339
-0.800999
0.411704
0.116698
1.189060
-1.431982
0.354125
0.541430
-1.014440
0.827187
1.729606
0.155529
0.811088
0.149952
-1.183045
0.445425
-0.398233
-0.263742
0.377683
0.614569
-1.291030
1.267767
0.540561
-0.186149
0.752097
-0.751456
0.042221
0.684163
-0.281437
-0.193116
-0.686249
0.224048
-0.227835
-0.150791
1.337235
0.392408
-0.440308
0.370619
-1.506614
-1.412375
-0.484499
-0.778343
-0.352649
0.661062
0.258376
-1.430601
-0.260269
1.446601
-0.593866
-2.175195
-1.708329
-0.965695
0.540345
-0.490307
0.180762
-0.149789
-0.365918
1.146810
-1.142360
-1.063251
-0.246190
0.718474
0.888397
-1.578675
0.436540
-0.641354
-0.234036
-1.529753
-0.310150
-0.695760
-0.606853
1.125455
0.898997
0.413060
-0.950845
-0.968378
0.226584
-1.531361
-0.076579
-0.600399
0.285807
-0.944261
-0.145572
-1.402032
0.051831
-0.184854
-1.362174
-0.157067
0.076371
-0.702309
0.628058
-0.539931
-1.472009
-0.298250
-0.765473
-0.563156
-1.193513
0.632193
-1.078320
-0.108598
-0.232075
0.411370
-0.773095
0.308053
0.701205
-0.191597
-0.341495
0.344504
-0.089984
1.466497
0.097861
-1.614490
0.536350
0.519790
-0.848650
-0.515381
0.627010
-0.773995
-0.452816
0.169834
-0.914223
0.179285
-0.046117
1.356919
0.336588
-0.488007
0.683838
-0.390547
0.819288
-1.208378
0.810479
0.319835
0.470930
-0.329346
0.574571
-0.061335
0.245277
-0.518731
0.584549
-0.059190
0.609893
0.565296
-0.749948
-1.002037
-0.796912
-0.730811
-0.850936
-0.656813
-0.057843
-0.577116
0.748332
0.251221
0.884680
0.343806
0.501015
0.444143
-0.753789
-0.552356
-0.068178
-0.134034
0.650789
-0.229757
-0.826827
0.268848
0.203448
1.938471
1.085250
0.458853
0.835419
-0.192625
-1.366461
0.872162
0.099901
1.244967
0.784879
0.660869
-0.269151
0.685570
-0.307409
0.211141
-0.050246
0.253221
1.828095
-0.112292
-0.312530
1.025553
-0.525054
-0.027401
-0.961972
0.249737
0.401432
0.443883
-0.003131
0.476916
-0.382133
-1.346490
-0.434453
0.625327
1.172430
0.716955
-0.434423
0.271804
-0.848589
0.468254
0.321989
-1.188318
-0.242545
1.276020
-1.561158
-0.511514
-1.225516
-0.819409
-1.289282
0.287992
-0.729835
0.076619
0.491356
-0.250625
0.489324
-0.164986
-0.224538
0.266700
0.763779
-0.267148
1.284172
-0.970002
-1.656372
0.175836
-1.809475
-2.258858
-0.126401
0.089082
-0.326654
-0.280987
0.354289
-0.372264
0.092411
-0.326795
-0.377747
1.365737
1.466564
0.140632
0.620791
0.977854
-1.235894
-1.886811
0.924167
0.034992
-1.124110
0.538283
0.570369
1.474689
-0.169274
-0.162893
-0.887782
-2.015574
-0.553302
0.887066
-0.842604
0.181034
-1.155579
1.130037
0.996519
-0.671939
-0.823683
0.753654
0.829934
0.711775
0.020783
0.243528
0.364788
-0.335295
1.523941
-0.727960
-0.575628
0.022895
0.063549
-0.844534
-0.996324
-0.572205
-0.287523
-0.018149
-1.013519
-0.551023
-0.370205
-0.831516
0.775340
0.401523
-0.272475
1.236084
0.903705
-0.107820
0.800552
-0.171183
-0.371446
-0.662467
1.042014
1.204820
0.836394
-0.107261
1.052052
-0.081995
0.164637
-0.025548
-0.340302
0.217341
0.202036
-0.792220
0.119033
2.059054
0.386942
1.143289
0.225260
-0.299921
-0.161072
-1.108254
-0.605692
0.650967
0.445081
-0.137402
2.160908
1.371644
-0.021566
-0.108203
0.522399
-0.414593
0.847154
0.187181
0.386774
-0.930085
0.120725
0.256866
-1.063750
-0.944433
-0.870300
0.571129
0.558390
-1.392180
0.095714
-1.265477
0.016513
0.310676
-1.535135
1.036523
-0.053152
-0.939870
1.898785
1.494621
0.299232
-0.153043
0.775912
0.690278
-1.889891
-0.713456
-1.125189
-0.405251
0.863153
-1.171115
-0.346055
0.524988
-2.344488
1.159400
-1.636078
-0.090402
-0.185136
0.106768
0.533244
-1.211144
0.957215
-0.027231
0.137550
-0.926964
-0.038508
0.270310
0.083849
0.369755
-0.955467
-1.757766
-0.072898
-0.870308
-0.086398
0.282249
-1.127489
-1.396118
-0.752391
-0.681106
-0.175921
-0.222296
0.793019
-0.115773
0.574721
-0.208015
-1.020633
0.550477
-0.573482
-1.236994
0.371369
0.464087
0.356635
-0.583594
0.015655
-0.614285
0.088593
-0.356069
0.535326
-0.153909
-0.376014
0.157072
-1.005474
-0.170884
-0.916546
-0.415983
0.844094
0.180313
-0.347769
0.304966
0.224873
-0.317017
-0.983671
1.398994
0.039006
1.283756
-0.036724
0.963740
0.463602
-0.005772
-1.247833
-0.575635
-0.273408
0.766054
0.710992
0.214191
-0.059471
0.400975
-0.424072
0.801722
-0.563159
-1.151219
-0.099603
-1.165038
0.241871
0.977224
-1.093435
-1.312562
-0.190473
-0.066387
0.908221
0.249541
0.332937
-0.605670
-0.012805
0.826352
0.543686
-0.203452
-0.249321
1.873022
0.297124
-0.485231
-0.337387
0.131425
1.063074
-0.216518
0.126384
1.324177
0.841328
-0.368659
-0.723233
0.966841
-0.019982
-0.087559
-1.071167
-2.069236
-0.686732
1.106548
-0.384946
-0.666225
-0.275197
0.545940
-0.605489
-1.861307
-0.566115
0.867575
1.039925
0.900987
0.364562
0.139824
-0.831439
0.553833
-0.596924
0.369081
-1.067184
-0.092638
0.979121
-0.240969
0.317469
-0.052797
-0.328171
0.198751
-0.391602
0.446098
-0.546123
-0.628153
-0.335857
0.760570
0.380150
0.711322
1.693817
-0.280281
-0.427043
0.665807
-0.143138
0.460257
0.574365
0.645155
-0.096683
1.524155
-0.108315
-1.174310
-0.491472
0.616223
1.093039
-0.278052
1.347077
0.110665
-0.411840
0.796103
-0.273123
-0.943584
-2.264340
0.575685
0.423255
-0.769427
-0.934719
-1.736242
-0.652282
-0.449627
0.713066
-0.124824
1.631801
-0.523857
-0.868808
-0.201193
0.142037
0.127603
0.130003
0.335245
0.451037
-0.258546
-0.837826
0.073543
0.889406
1.688973
-0.112190
-1.061584
-1.259000
-0.550301
-1.008294
-0.261964
-1.065671
0.328241
1.272378
0.941496
0.115601
0.298012
-0.181057
-0.867272
-0.983345
-0.528123
0.182044
-1.354305
-0.303329
0.150810
0.319618
0.478834
1.673373
-0.454834
0.433249
-1.256298
0.731684
-0.400331
0.601176
2.145426
-0.646436
-0.263834
1.373654
1.113083
0.342838
-0.325893
-0.613517
-0.792869
-0.640829
0.218659
0.223069
1.297766
0.037915
0.413420
-0.539804
0.126063
-0.969570
0.562104
-1.149804
0.097759
0.804382
0.306310
0.461817
-0.377751
-2.099125
-0.375797
0.308422
-1.199336
-0.638979
1.286509
-0.085500
0.055694
-1.172764
-0.036670
0.740176
-1.377464
-0.308917
-0.244684
0.298593
1.049959
1.336206
0.407034
1.206155
-0.479047
-0.199328
-0.880171
1.743376
-1.455473
0.363193
-0.298099
0.350373
-1.232971
-1.392193
0.236515
1.536715
0.378649
0.494024
-0.568614
0.260180
-0.483135
-0.529776
-0.705812
-0.271377
0.671418
1.737842
0.214217
-0.123627
-1.106533
0.628776
0.461959
-0.683730
0.662569
1.036159
-0.384989
-0.017632
1.165895
-0.207097
0.442773
-0.311585
-0.001615
-1.583025
-0.809933
-0.039220
-0.573101
-1.477639
0.474967
-0.373832
0.585568
-0.764264
-1.744224
1.177826
-0.319328
-0.048247
-0.523981
-0.284483
1.070577
0.854859
-0.558031
0.369537
-0.304868
-0.215832
-0.378405
-0.403071
1.358866
-0.123870
0.599003
0.160656
0.497337
0.079646
-0.307435
-0.080606
1.644541
0.129365
-0.503880
-0.242789
1.381802
-0.932625
-0.118665
-0.611648
-1.252305
0.510378
0.489213
0.591857
0.648605
-0.379948
0.269372
-1.128323
-1.686948
-0.134607
1.164791
-1.133895
-0.374055
1.282016
1.657522
1.192620
0.527564
-0.335178
0.475927
-0.465327
0.867614
0.159767
-0.722479
0.086454
0.696215
1.239955
-1.109929
-0.584927
0.260355
0.627079
0.213381
-0.290687
2.850388
-1.359319
1.345095
-0.122948
-0.960601
-0.312695
0.839318
0.690407
-1.514636
0.634006
0.333765
0.820392
1.313065
-1.903853
1.007102
-0.560676
-0.588204
-0.685357
0.170035
-0.274115
0.287236
-0.607503
1.306227
0.133972
-0.876722
0.162555
-0.090360
0.840206
-0.532368
0.721802
0.391161
1.391901
-0.052257
1.065936
-0.166757
0.699764
-0.972622
-0.360941
0.032494
0.473671
-0.646092
-0.357938
-0.919765
2.098040
-0.595501
-0.159428
-1.353050
-0.839325
0.036145
-0.648454
0.250607
0.852387
-0.315911
0.893453
0.898593
1.378330
0.476367
0.035957
1.552473
0.559846
-0.063104
-0.333186
-0.169807
-0.197166
-0.615290
-0.025056
0.465447
-0.080259
-0.806014
-0.475871
0.394103
0.590902
0.591900
-0.631085
-0.385787
-0.977150
-0.303018
-0.810194
-0.911465
0.572650
-1.549868
-0.210817
0.492605
-0.006176
0.174048
0.263197
2.353402
-0.478988
0.462413
-0.913279
0.775985
0.572185
0.775961
-0.312383
-0.332632
0.692793
0.394030
1.213465
0.652883
2.062730
1.158845
-1.048070
-1.164071
-0.372340
-1.001640
-0.219704
0.899991
0.957611
-0.514097
1.041490
0.459969
-0.107431
0.633159
1.074406
-0.245330
-0.018543
0.136365
-0.285527
0.374228
0.387488
0.991656
0.069045
-0.595379
-0.064987
-0.078908
-0.344449
2.019878
-0.275522
0.047054
-0.509626
-0.006156
-0.288180
0.058058
0.201141
-0.229300
0.226417
2.097896
0.940175
0.613911
-0.728060
0.534477
0.880788
-1.769563
0.210004
2.053490
-0.757076
-0.855007
1.049749
-1.198525
-0.360357
0.280458
-0.266973
-0.081507
0.076808
-0.396507
-0.013029
-0.865424
-1.608720
0.846741
-1.523897
-0.412427
1.262675
-1.761518
0.109187
0.775417
1.396930
-0.059844
-0.188204
-1.587761
0.207981
-0.620540
-0.595860
0.253201
-0.123968
-0.476316
-0.955142
0.079473
-0.682162
-0.610494
0.301819
1.001913
-0.285499
0.125053
-0.372967
0.009538
-0.775017
-0.700624
-0.303881
1.091199
-0.601006
-0.365980
1.098768
-0.800455
0.457893
-0.640106
-0.046371
0.169925
0.506652
-0.141554
-0.520570
-0.171429
0.918998
1.491514
0.253722
0.872872
-0.646743
0.223787
0.895087
0.067106
-0.299129
-0.954822
1.363004
0.165159
0.609052
1.302920
-0.127564
-0.638012
-0.059428
-1.302019
-0.758307
0.120269
-0.139668
1.322483
0.601294
0.130414
0.340114
0.247286
0.203632
-0.028953
-0.700628
0.605466
0.189801
-0.879211
-0.562102
-0.227425
-0.713437
0.163967
0.069469
-0.808264
1.437125
-1.560655
-0.363394
0.650397
1.305829
-0.818825
-0.475365
1.393474
0.272566
-0.741889
0.222675
-1.233114
-1.221579
0.456994
-1.432066
-0.297008
0.935826
-0.719371
1.803351
0.906023
-1.266429
0.767998
-1.153721
-0.883022
1.497194
0.789689
1.583211
0.977089
0.212280
1.200213
-1.326316
0.402835
-0.339274
0.046284
0.872733
1.250023
-0.382777
-0.737715
-0.166428
0.568516
-0.113410
-0.072240
0.572702
-0.532609
0.703385
0.534810
-0.189374
1.399006
-1.430647
1.139668
-0.022194
-0.989259
0.238190
-0.920300
1.869023
0.488726
-1.480472
-0.586323
-0.006793
-0.365129
0.399636
-1.516685
0.797236
-1.252499
-0.857963
-0.590828
1.985518
-0.340194
1.048804
-0.789345
-0.079493
1.226885
-0.412004
0.614201
0.638320
0.389669
-0.755677
-0.252626
0.470057
-0.291752
-0.318809
1.519239
0.563019
0.267740
-0.727747
0.427759
-1.310764
0.601171
0.506926
0.149989
1.217346
-0.618201
1.416605
-0.019762
-0.399416
1.276551
-1.462601
-0.905021
-0.054457
1.027534
0.421662
0.364265
-0.335183
-2.470550
-1.259865
0.057765
0.001258
0.887317
0.411692
0.635095
0.316519
-0.276239
0.360200
0.493125
-0.316480
0.224154
0.693895
-0.238094
-0.642049
1.537906
-0.624717
2.324861
0.110127
-0.634589
-0.481492
-0.677725
0.264384
-0.243837
-0.315290
-0.116691
0.577903
0.724228
-0.596170
-1.216156
-0.919576
-0.778863
-0.532851
-0.995860
-0.507641
0.182075
0.483556
0.039226
0.482133
-0.686898
-0.473412
-0.297335
-0.629677
-0.279251
-0.123813
-0.885675
1.427541
1.042272
1.066822
0.702563
-0.629817
0.318560
0.092476
0.388543
1.254817
-0.458288
0.837381
0.441653
0.396513
-0.117465
-1.017893
-0.333041
-0.700835
-0.280259
1.390508
-1.217927
-0.551021
0.740269
-0.966176
0.924802
0.529079
0.817668
1.279776
0.703639
-1.456108
0.060991
0.661075
-2.262660
-0.549894
-0.104828
-0.043628
0.981532
-0.348873
-0.351596
-0.303064
-0.221520
-1.481360
0.627593
0.011087
0.208000
-0.021128
-0.500260
0.092488
1.521934
0.340700
-0.012245
1.148965
0.602656
-0.180054
-0.415794
-0.510789
-0.435490
-1.372062
-0.329325
-0.728042
3.000000
-1.198121
-0.172725
-0.547818
-0.118601
0.226438
0.992382
1.137546
-0.582897
0.105816
-0.431349
-0.635264
0.998531
1.073246
-0.122867
0.007019
-0.568672
0.383305
-0.779192
-1.330198
0.852153
0.336434
0.040262
0.701686
-0.101475
-0.834813
0.995986
-1.714390
0.099119
1.774664
-1.074083
0.005066
-0.487406
1.305747
-0.045321
0.362622
-0.294952
-0.169968
1.591068
0.674830
1.350468
-0.038420
0.076535
0.710896
0.399960
-0.563584
-0.696680
-0.064341
0.291417
0.234491
0.266107
1.417003
1.283259
0.980492
-0.062652
0.654273
-1.444525
0.391681
-0.809806
-0.998472
-0.441445
1.404908
1.230232
0.335100
1.559352
0.514070
-0.505207
0.050412
-0.054001
-0.081890
1.035185
0.147434
-1.320447
1.486018
0.446471
1.197239
0.321413
0.186192
1.359675
-1.251597
-0.569492
0.377971
-1.262241
0.288953
0.447022
-0.159761
-0.256109
-0.794489
-0.409917
0.431779
0.297177
-0.826235
0.321992
-0.351683
-0.992946
-1.019327
-0.777289
0.396244
-1.166549
-0.796591
-0.113552
-1.801238
-0.549165
1.571177
0.145506
0.409424
1.103371
-2.302061
-0.890167
-1.593226
1.293935
-0.608229
-0.042285
-0.193104
-0.461109
-0.057787
0.709773
-0.162107
-0.145787
-1.072034
0.715426
2.077317
-0.544840
0.474502
1.708665
1.116494
0.382303
1.200138
-1.470268
0.066046
1.346623
-0.704076
-0.930287
-0.685649
-0.693729
0.197300
-0.359771
0.251071
-0.365653
0.481384
-0.398765
0.274889
0.374429
-1.043488
0.596925
0.227827
0.924435
0.824456
1.443856
0.462120
0.932849
-0.461403
1.021108
1.275350
-0.476259
-0.250020
1.460176
0.224256
-1.821826
1.881160
-0.486326
1.453146
-0.244795
0.439994
1.388186
-0.041555
-1.825373
-0.028184
0.101060
0.187003
0.191008
0.198477
-0.121452
-0.520357
-1.194742
1.099103
-0.642951
-1.025455
0.654339
-0.367445
0.883688
1.054650
-1.585562
0.631064
1.195440
0.700681
0.655203
0.477370
0.380157
1.018319
0.165051
1.106244
-0.752070
1.023829
-0.027012
1.259567
-0.948243
-0.329315
-0.779732
0.046958
0.457698
-1.236850
-0.998691
1.577845
0.551790
0.304103
-1.349759
-0.881085
0.460696
-0.224550
0.862667
1.414813
-1.975330
0.840654
-0.247616
-0.608267
0.857764
-0.966283
-0.030272
0.592177
1.248913
0.575570
-0.604238
1.454608
0.322494
0.288730
0.394161
-1.044262
0.376992
1.499324
0.877736
-0.259731
-0.454848
-1.556737
0.653748
-0.471864
-0.705718
0.549893
0.285882
0.022643
0.637385
0.544071
-0.740971
-1.014075
-0.145674
1.079554
0.284879
-0.742603
-0.234408
-1.834261
-0.353188
-1.174258
-0.255552
-0.749850
-0.181589
-1.131857
-0.181398
-0.068525
-0.134191
-0.773906
-0.521178
0.628360
0.213413
-0.997741
-0.383434
0.268509
0.072808
1.837588
-0.998835
0.876280
-0.599316
0.933873
1.106514
-0.033036
-0.120546
0.222669
1.425635
-0.836050
0.602358
-0.514450
0.214463
-0.423303
-0.567215
-1.438544
1.126457
-0.872620
0.675326
-0.343346
0.409203
0.352293
-0.953866
-0.110014
-0.910195
-0.569535
0.137394
-0.543571
-0.822781
-1.521666
-0.247557
1.113667
1.045141
-0.173276
0.352742
-0.167344
-0.515274
0.210409
-0.207558
0.543923
0.662742
-0.208869
-0.503600
-0.917264
0.336689
0.245942
0.381145
1.274012
0.750510
-0.448931
0.416896
0.494696
0.636938
-0.007542
0.684315
0.132418
-0.363606
0.856227
-0.957780
-1.018985
0.310450
-0.212553
0.221642
0.088945
1.521652
-1.124594
-0.954185
1.442163
-0.427134
-0.400380
0.081174
0.429417
-0.578417
0.053048
-1.261989
0.236404
-0.425096
-0.009507
-0.114521
0.662839
1.232486
1.087026
-0.518530
0.703273
-0.421691
0.066820
-1.321311
-0.186119
-0.369745
0.320083
-0.268532
0.368468
0.834248
0.739805
0.155602
0.389556
-0.618651
-0.610573
-1.184439
0.275403
-0.022698
-0.344747
0.050917
-0.576431
-1.098161
0.593597
0.180816
-0.230762
0.548500
-1.562082
0.259830
-0.009592
-0.131466
0.433859
1.328046
0.570829
0.925186
-1.018783
0.304285
0.054603
-0.135402
-0.230250
0.394616
0.522951
0.396319
0.512112
0.204677
-0.320257
-0.265141
-0.043219
-0.800871
-0.202402
0.195641
0.084308
-0.258287
0.051687
-0.393471
-0.383850
-0.036496
0.105826
-0.215267
0.005850
-0.206606
-1.056005
1.495284
-0.274465
0.317840
0.236597
0.438170
0.166407
0.356457
0.298230
-0.100608
-1.126393
-0.824673
-0.188910
1.229989
0.653619
0.352027
0.087602
0.402561
0.163129
0.530282
-1.590199
-0.459279
0.320548
-0.329012
0.212576
0.995753
-0.637821
0.973813
0.444549
-0.187679
-0.162895
-1.679691
0.625443
1.151397
0.654902
-0.868390
-0.386269
-0.758171
-1.169858
-0.528930
0.871177
0.153182
-0.328116
0.883999
-0.522731
0.733346
-0.584985
0.178201
0.582613
-0.546598
0.872161
0.975007
0.514861
-0.381461
0.227912
1.100794
-0.012821
-1.124623
-0.073640
-0.757054
0.572900
0.029125
-1.204606
-0.168573
1.050952
0.594405
0.431318
-1.240306
-0.478504
0.829802
0.404647
-0.099951
0.462029
0.309587
-0.827974
-0.332740
-1.681356
1.229026
-0.982873
-0.529676
0.359640
-0.622838
0.040187
-0.572218
0.106076
-0.050343
0.948686
-0.688858
0.911111
-0.153271
0.935550
-0.231239
1.298294
-0.044020
0.098737
-1.144970
0.119048
-0.705538
0.530968
0.055757
-0.413448
1.235801
-0.210715
-0.613350
-0.096893
0.163639
-0.583816
-0.834740
-1.107852
-0.092264
-0.663997
-0.262155
0.223125
0.829023
0.935379
-0.049359
0.498115
-1.422922
0.380402
0.205389
-0.277768
0.626934
-0.739518
0.396855
-0.305410
-1.423904
0.556267
0.071557
-0.978403
-0.158820
-0.009822
-0.114581
0.650811
-0.399260
0.901997
0.722977
-0.680545
0.031379
-0.023584
-0.624239
-0.075728
-0.161862
-1.071881
1.809316
0.283490
0.042957
0.782889
-1.500218
1.452187
-2.412304
-0.640315
-0.000437
-1.456219
-0.580255
1.060736
0.077236
0.353307
0.081923
0.576797
-0.178452
-1.096346
0.584942
-0.603914
-0.668129
-1.245465
-0.189043
1.540453
0.066505
-0.901715
-0.355649
-0.017767
0.460188
-0.981947
0.163297
2.303596
-0.170789
0.007011
-0.298598
-0.787232
0.460956
0.374136
-0.178177
0.297925
-0.384447
-0.416429
0.184711
-1.438222
1.169575
0.542041
-0.259497
-0.624959
0.254391
1.703806
0.259024
-0.935350
1.317738
-0.595937
-0.684150
-0.201602
-0.274653
-0.250945
-0.528161
-1.052967
0.365070
0.245084
-0.369363
0.690981
2.001313
-0.093432
-0.942446
0.226775
1.172878
1.240906
0.297788
-0.136694
-1.582473
1.564469
0.086175
-0.321197
0.144878
0.961643
-0.054348
0.278263
0.962608
-0.820479
-0.422054
-0.031363
0.592121
-0.225935
-0.993287
0.953848
-0.558772
-0.374838
0.938548
0.756857
0.182197
-0.010855
-1.343031
-0.608333
-0.104180
0.019593
0.209766
-0.042901
-0.146522
0.012994
-0.742585
-0.114957
-0.761023
0.341778
0.135060
-1.022761
-0.429590
0.846474
-0.758916
1.364009
0.498823
-1.025976
1.261628
-1.550255
0.707764
0.375600
0.353137
1.508387
-0.641938
0.301499
-0.037130
-0.473670
-1.339379
0.884775
0.365757
0.415713
0.840614
-0.193834
0.278412
0.582774
0.179058
1.109565
-0.996264
0.277058
-0.795888
-0.969902
-0.660469
0.549942
-0.955964
0.886059
0.190029
-0.647374
0.860855
-0.448817
-0.296687
0.248325
-0.065968
1.306573
-0.424955
1.125790
0.348534
0.418166
-0.271726
0.923121
0.160466
0.103239
-0.407637
0.732677
-1.061914
-0.617329
0.516841
0.456433
-0.169165
-0.542437
-1.204626
2.840441
-0.599078
-0.164851
-0.585027
0.154276
-0.113279
-1.361800
-1.216193
-0.454726
1.192387
-0.353842
0.444888
0.530227
0.936407
0.643998
0.483595
0.441633
0.176264
1.823835
0.456177
-0.194182
-0.279512
1.049722
0.624735
-0.425110
-0.155944
-0.716476
-0.322204
0.128226
-0.497145
-0.450879
-0.824496
0.290623
-0.157044
-1.134572
0.366699
0.666231
-1.067448
-0.761110
-0.557974
-2.301128
0.128204
0.539611
0.988511
1.404643
-0.628740
-1.074178
-0.528064
1.009311
0.328023
-0.514135
-1.219807
0.662050
-0.203452
-0.877198
0.295432
-0.340544
0.356647
-0.662927
0.869364
-0.636895
0.090298
-0.440128
0.654903
-0.341037
1.040931
-0.818288
1.056740
0.207281
0.286887
-0.821677
0.245402
1.391283
0.733812
-0.308503
0.560023
-0.505757
-0.138668
0.860203
0.034861
0.676212
-0.308913
-0.420297
1.027666
-0.404699
-0.005624
0.371351
-0.244939
-0.717319
-0.707122
-1.192196
-0.142854
-0.368437
-0.345027
0.102646
0.154979
0.320174
-1.881663
-0.698756
0.182463
1.255661
0.824245
0.066962
-0.670562
0.787702
0.198111
0.851735
-0.021526
-0.312218
0.214365
-0.224077
1.677661
-0.158311
-0.391719
-0.935472
0.066941
-1.348200
1.158829
0.869214
-0.091718
-0.774002
0.996113
-0.640216
0.086550
0.158664
-0.468146
-0.360390
0.650038
0.180321
0.927444
0.243581
-1.434402
-0.994433
-0.058111
0.940896
0.576879
-0.757158
-0.021888
-0.842507
-0.745426
0.305140
-0.349856
-0.607384
-1.033697
1.859569
-0.281760
0.585682
0.326670
1.218572
0.753769
0.075338
-0.746089
1.146445
0.626300
-1.198333
-0.993221
0.471275
-0.197707
-1.151903
0.342657
-0.640217
-0.601177
-0.341152
-1.492329
-0.084577
-0.841212
0.388490
0.192652
0.111799
0.129864
-0.088967
-0.146159
-0.507940
1.299726
1.006415
1.065464
0.339852
-0.758792
-0.434605
-0.074212
0.129208
0.270426
-0.624298
0.241302
-0.491644
-0.202024
0.829735
0.366703
-0.197393
-1.463012
-0.355584
-0.527259
-0.352228
0.384903
0.660073
-1.802809
1.357594
0.562602
-1.302393
0.377922
0.779834
0.876293
0.144454
0.161040
0.665171
2.411488
-0.236635
0.454964
-1.706189
0.711289
0.371311
-0.192275
0.813140
-0.113860
1.700176
-0.044660
0.040995
-1.077797
-0.390919
0.478155
-1.078308
-0.255443
0.567965
-0.042480
-1.204406
0.300317
-0.778494
-0.581291
-0.682755
0.089411
0.231345
-1.344237
-1.107593
-0.262711
-1.100241
1.486748
0.757149
-0.130169
-0.736919
0.015003
0.840589
0.195018
0.456950
-0.055945
0.369703
-0.402652
-2.029604
-0.004870
-1.298213
2.276499
0.649412
0.290648
-0.307014
1.051070
0.079812
1.225041
-0.184842
-0.280623
0.510981
0.749694
-0.258263
0.906592
0.019299
-0.181943
-0.332990
0.681629
0.902197
0.844822
-0.031063
